0
0
0
0
0
0
0
0
0
0
0
0
0
0
0
0
0
0
0
0
0
0
0
0
0
0
0
0
0
0
0
0
0
0
0
0.00653038
0.0652067
0.336595
0.827071
1.6335
2.41769
2.59083
2.71747
2.48832
2.20083
1.94823
1.85049
1.44784
1.37383
1.34258
1.26663
1.06682
0.998117
1.06978
0.996018
0.83331
0.829426
0.774967
0.73908
0.76459
0.825656
0.724979
0.630154
0.649981
0.723239
0.742436
0.786087
0.725662
0.788627
0.89176
0.908868
0.951799
1.00606
1.07737
1.10717
1.15649
1.20153
1.20466
1.21036
1.19261
1.15467
1.19073
1.22175
1.18125
1.17724
1.1656
1.11771
1.14992
1.12283
1.07155
1.01239
1.02101
1.02734
1.02525
1.02673
1.01097
1.00186
0.98601
0.941314
0.949057

