0
0
0
0
0
0
0
0
0
0
0
0
0
0
0
0
0
0
0
0
0
0
0
0
0
0
0
0
0
0
0
0
0
0
0
0
0
0
0
0
0
0
0
0
0
0
0
0
0
0
0
0
0
0
0
0
0
0
0
0
0
0
0
0
0
0
0
0
0
0.000378647
0.00533573
0.0212867
0.0652423
0.163861
0.337601
0.559574
0.881784
1.28001
1.61445
1.91556
2.20046
2.43385
2.56438
2.65298
2.66216
2.64929
2.57531
2.45873
2.37896
2.26571
2.15752
2.01034
1.93687
1.81239
1.74219
1.66257
1.5405
1.43846
1.35624
1.33318
1.229
1.16887
1.16097
1.08554
1.00993
0.994658
0.946235
0.889146
0.895281
0.841251
0.83568
0.816933
0.774294
0.745164
0.755991
0.757558
0.70243
0.72159
0.694223
0.698855
0.689823
0.688922
0.67449
0.669667
0.685561
0.705104
0.698344
0.715053
0.729277
0.705788
0.73867
0.728483
0.757429
0.770394
0.776877
0.809732
0.816562
0.865287
0.865947
0.894554
0.913414
0.928045
0.94006
0.97763
1.01083
1.02083
1.03869
1.0632
1.08923
1.10564
1.11979
1.14988
1.17763
1.18349
1.19308
1.19874
1.21334
1.24137
1.25043
1.24659
1.25383
1.25311
1.25425
1.27187
1.25743
1.24953
1.24324
1.24666
1.22949
1.21398
1.20525
1.20482
1.16981
1.17414
1.16495
1.14076
1.12587
1.11192
1.10073
1.08044
1.07136
1.05093
1.04949
1.04075
1.02893
1.01914
1.00501
1.01091
0.978365
0.981895
0.967707
0.954859
0.963276
0.958572
0.943568
0.954923
0.921971
0.921098
0.914046
0.919726

