0
0
0
0
0
0
0
0
0
0
0
0
0
0
0
0
0
0
0
0
0
0
0
0
0
0
0
0
0
0
0
0
0
0
0
0
0
0
0
0
0
0
0
0
0
0
0
0
0
0
0
0
0
0
0
0
0
0
0
0
0
0
0
0
0
0
0
0
0
0.000378647
0.00478376
0.0241488
0.0638505
0.162676
0.316841
0.581071
0.866158
1.22794
1.62662
1.92584
2.20131
2.43344
2.5672
2.68249
2.7294
2.64416
2.55612
2.55082
2.37137
2.31925
2.15506
2.00707
1.91667
1.79827
1.69795
1.62227
1.45016
1.43182
1.35049
1.27877
1.20583
1.17934
1.10613
1.04363
0.99486
0.964176
0.95462
0.884952
0.852246
0.850784
0.823847
0.807297
0.803341
0.755244
0.753829
0.748578
0.736254
0.728346
0.717863
0.715057
0.731075
0.704781
0.705814
0.714516
0.716771
0.702027
0.701087
0.709484
0.728391
0.716313
0.741784
0.763333
0.769409
0.786147
0.7928
0.811027
0.825593
0.862916
0.880201
0.889103
0.918093
0.926994
0.954156
0.96897
0.991125
1.00679
1.02906
1.05332
1.04747
1.08232
1.12463
1.13318
1.15057
1.18042
1.18507
1.20203
1.22618
1.22408
1.23835
1.24472
1.26725
1.24922
1.26603
1.29058
1.2652
1.24919
1.26234
1.23486
1.2349
1.23463
1.2156
1.18918
1.17541
1.17225
1.14558
1.12963
1.12705
1.11349
1.09028
1.08299
1.07055
1.05545
1.04881
1.01725
1.027
1.00344
1.00483
0.972962
0.971056
0.967481
0.961181
0.957004
0.952936
0.94912
0.930659
0.929082
0.926281
0.939057
0.929944
0.92786

