0
0
0
0
0
0
0
0
0
0
0
0
0
0
0
0
0
0
0
0
0
0
0
0
0
0
0
0
0
0
0
0
0
0
0
0
0
0
0
0
0
0
0
0
0
0
0
0
0
0
0
0
0
0
0
0
0
0
0
0
0
0
0
0
0
0
0
0
0
0.00056797
0.00772761
0.0248643
0.0668082
0.160306
0.333482
0.587007
0.865533
1.2625
1.61089
1.95796
2.20399
2.40934
2.56653
2.64026
2.62476
2.64866
2.54622
2.48728
2.37172
2.34379
2.18766
2.03437
1.95899
1.84848
1.70081
1.62969
1.52008
1.47578
1.38376
1.32302
1.24666
1.18307
1.10648
1.04602
1.04016
0.950208
0.915839
0.89785
0.862655
0.838886
0.814485
0.789569
0.774005
0.763337
0.73932
0.69977
0.726888
0.718476
0.704383
0.677658
0.706513
0.696418
0.672784
0.701205
0.697597
0.670383
0.705201
0.702958
0.722354
0.722965
0.734159
0.740858
0.7592
0.778655
0.788706
0.819892
0.828832
0.845987
0.87019
0.888351
0.918093
0.920874
0.95947
0.990287
1.01096
1.02481
1.03528
1.0695
1.07663
1.09885
1.12394
1.16015
1.16791
1.17747
1.19775
1.20437
1.23339
1.25626
1.25535
1.2669
1.26977
1.27857
1.25973
1.2757
1.26642
1.26288
1.26151
1.23913
1.22453
1.23247
1.20516
1.18424
1.19434
1.16581
1.13835
1.14423
1.11146
1.09497
1.08948
1.07627
1.06482
1.03277
1.03445
1.0298
1.01485
1.01457
1.00753
0.984511
0.976049
0.968525
0.965213
0.964285
0.93803
0.935662
0.93808
0.933365
0.924458
0.91451
0.922146
0.913913

