0
0
0
0
0
0
0
0
0
0
0
0
0
0
0
0
0
0
0
0
0
0
0
0
0
0
0
0
0
0
0
0
0
0
0
0
0
0
0
0
0
0
0
0
0
0
0
0
0
0
0
0
0
0
0
0
0
0
0
0
0
0
0
0
0
0
0
0
0
0.000189323
0.00423178
0.017888
0.0635026
0.155736
0.284053
0.529093
0.831155
1.17343
1.4895
1.84712
2.12891
2.34642
2.57822
2.59331
2.65563
2.62927
2.60012
2.51917
2.38609
2.25178
2.1909
2.04475
1.96166
1.8785
1.74352
1.65526
1.56761
1.45693
1.39724
1.33752
1.27065
1.23313
1.13843
1.12234
1.04184
1.01421
0.983807
0.913677
0.896602
0.865962
0.848487
0.823847
0.789685
0.76639
0.764082
0.748373
0.730392
0.70768
0.70562
0.698663
0.70412
0.68409
0.689604
0.687355
0.676122
0.691111
0.695886
0.716009
0.71593
0.717076
0.730722
0.750959
0.749824
0.770086
0.782892
0.787617
0.808856
0.82335
0.843302
0.866312
0.886545
0.912424
0.934475
0.952095
0.96962
1.00381
1.01419
1.04865
1.06779
1.10171
1.10194
1.12896
1.13724
1.15092
1.17599
1.20528
1.20254
1.21597
1.22808
1.23549
1.27932
1.24512
1.25557
1.25945
1.26659
1.27236
1.26999
1.25002
1.24943
1.24943
1.22488
1.21446
1.19059
1.18134
1.19
1.17648
1.16145
1.14536
1.11643
1.10629
1.0845
1.06217
1.07453
1.04349
1.04183
1.02366
1.02949
0.99835
0.996742
0.978202
0.955057
0.958749
0.952072
0.941133
0.946444
0.923579
0.900608
0.910337
0.919431
0.912442

