0
0
0
0
0
0
0
0
0
0
0
0
0
0
0
0
0
0
0
0
0
0
0
0
0
0
0
0
0
0
0
0
0
0
0
0
0
0
0
0
0
0
0
0
0
0
0
0
0
0
0
0
0
0
0
0
0
0
0
0
0
0
0
0
0
0
0
0
0
0.000757293
0.00459977
0.0193191
0.0643724
0.154043
0.319148
0.567274
0.890378
1.24864
1.63938
1.98299
2.23433
2.39585
2.61329
2.64629
2.63936
2.66055
2.54744
2.46554
2.37523
2.22061
2.1554
2.04322
1.94638
1.78373
1.74198
1.62317
1.49219
1.42133
1.32579
1.26953
1.2453
1.13913
1.09377
1.05917
1.0096
0.968202
0.953249
0.918979
0.896058
0.854293
0.827442
0.798323
0.798066
0.779593
0.759618
0.74659
0.73019
0.730664
0.708811
0.706219
0.704309
0.699825
0.70362
0.697368
0.72096
0.719329
0.685142
0.707459
0.715321
0.73698
0.732709
0.769098
0.76394
0.79564
0.79826
0.817551
0.827016
0.86311
0.858033
0.877261
0.909708
0.930237
0.948076
0.968882
0.988672
1.01401
1.04567
1.05836
1.06796
1.0878
1.12265
1.14625
1.14436
1.1687
1.17082
1.17703
1.21539
1.20664
1.24159
1.27176
1.2518
1.26566
1.26831
1.25647
1.23841
1.25797
1.24228
1.25373
1.21628
1.21811
1.20468
1.21142
1.17285
1.16247
1.15204
1.14397
1.13841
1.11819
1.11273
1.09951
1.0774
1.06084
1.0568
1.02665
1.02431
1.01439
1.01671
0.986046
0.989947
0.973186
0.969471
0.965782
0.954935
0.951978
0.950264
0.934298
0.930568
0.940675
0.930942
0.919082

