0
0
0
0
0
0
0
0
0
0
0
0
0
0
0
0
0
0
0
0
0
0
0
0
0
0
0
0
0
0
0
0
0
0
0
0
0
0
0
0
0
0
0
0
0
0
0
0
0
0
0
0
0
0
0
0
0
0
0
0
0
0
0
0
0
0
0
0
0
0.00132526
0.00625568
0.017888
0.0706357
0.153873
0.304484
0.558611
0.859439
1.16841
1.59546
1.87823
2.21979
2.34973
2.53832
2.61691
2.62015
2.62414
2.53889
2.49337
2.42602
2.29813
2.16087
2.05294
1.99148
1.83875
1.77362
1.636
1.52204
1.45606
1.39064
1.32015
1.23797
1.21583
1.12972
1.07786
1.02769
0.987017
0.952121
0.935676
0.884639
0.871301
0.823098
0.812519
0.798066
0.771501
0.754108
0.75324
0.722913
0.721722
0.683868
0.69988
0.705694
0.724604
0.692894
0.683278
0.66621
0.701388
0.697543
0.705659
0.691119
0.722311
0.721057
0.71854
0.753261
0.761877
0.7974
0.797778
0.815482
0.824849
0.858605
0.87665
0.897987
0.922427
0.937222
0.95396
0.982059
0.98744
1.01568
1.04668
1.08786
1.06571
1.10343
1.13717
1.15222
1.18481
1.19526
1.19904
1.23372
1.23046
1.22797
1.24695
1.26899
1.28449
1.28175
1.29044
1.29116
1.28088
1.25412
1.25976
1.25181
1.23075
1.24149
1.22964
1.21152
1.18073
1.16928
1.16264
1.14155
1.12449
1.10518
1.10172
1.08489
1.07464
1.04966
1.03404
1.01649
1.01043
1.00038
0.993329
0.97924
0.966335
0.949438
0.948052
0.941608
0.937348
0.937016
0.923699
0.912379
0.902249
0.901165
0.901505

