0
0
0
0
0
0
0
0
0
0
0
0
0
0
0
0
0
0
0
0
0
0
0
0
0
0
0
0
0
0
0
0
0
0
0
0
0
0
0
0
0
0
0
0
0
0
0
0
0
0
0
0
0
0
0
0
0
0
0
0
0
0
0
0
0
0
0
0
0.000194891
0
0.0058877
0.0250432
0.076899
0.154889
0.353254
0.583317
0.904286
1.28047
1.61935
1.91687
2.25267
2.41361
2.58978
2.62059
2.66638
2.60087
2.5835
2.49301
2.35059
2.23568
2.14903
2.04279
1.89615
1.83948
1.70655
1.5969
1.50829
1.4271
1.38385
1.29263
1.24249
1.17757
1.13259
1.06378
1.03296
0.98751
0.934383
0.89334
0.87019
0.859022
0.818379
0.816271
0.789901
0.765893
0.76199
0.744876
0.703642
0.703176
0.707053
0.717618
0.704938
0.687064
0.689604
0.701985
0.696535
0.707717
0.698115
0.731198
0.742514
0.741342
0.753383
0.748156
0.758835
0.799847
0.802203
0.822881
0.828292
0.854355
0.858224
0.897045
0.910032
0.921011
0.940195
0.972834
0.999621
1.01297
1.03119
1.0508
1.07447
1.1038
1.12423
1.14294
1.14275
1.17161
1.19557
1.2094
1.20374
1.21866
1.24352
1.24472
1.25241
1.26437
1.25668
1.2641
1.25892
1.2328
1.23417
1.24213
1.20991
1.21232
1.21324
1.19907
1.16825
1.16773
1.15411
1.13744
1.14375
1.13406
1.09008
1.09046
1.08057
1.06095
1.04021
1.03635
1.01818
1.01688
1.0125
0.997309
0.977053
0.963279
0.981895
0.951917
0.949555
0.946213
0.950481
0.93839
0.921663
0.930875
0.934679
0.931904

