0
0
0
0
0
0
0
0
0
0
0
0
0
0
0
0
0
0
0
0
0
0
0
0
0
0
0
0
0
0
0
0
0
0
0
0
0
0
0
0
0
0
0
0
0
0
0
0
0
0
0
0
0
0
0
0
0
0
0
0
0
0
0
0
0
0
0
0
0
0.000946617
0.00551972
0.0196768
0.0551515
0.147949
0.318983
0.560857
0.89366
1.26326
1.59145
1.92511
2.2308
2.45464
2.58266
2.71738
2.65306
2.66105
2.57653
2.49277
2.36752
2.28021
2.1554
1.98937
1.93003
1.82934
1.76369
1.60121
1.52371
1.45914
1.39177
1.27683
1.23924
1.14339
1.11971
1.0765
1.02333
0.972638
0.932448
0.876089
0.875007
0.840107
0.835156
0.787804
0.779786
0.762982
0.737297
0.720472
0.705866
0.702447
0.704122
0.708589
0.686233
0.684895
0.679914
0.676623
0.696535
0.699472
0.710116
0.687882
0.710558
0.72242
0.753007
0.752545
0.757481
0.801951
0.800383
0.816057
0.830059
0.858515
0.878485
0.903154
0.926617
0.945492
0.952399
0.985446
0.998658
1.02135
1.02846
1.06055
1.09359
1.10728
1.14009
1.13848
1.18109
1.19532
1.19975
1.23035
1.22114
1.23477
1.24778
1.2581
1.26164
1.25588
1.26838
1.27803
1.25851
1.27323
1.25264
1.25471
1.22843
1.23963
1.21173
1.18502
1.19151
1.18012
1.16126
1.1559
1.12083
1.10867
1.07573
1.07067
1.0637
1.04182
1.04469
1.02328
1.00505
1.00437
0.993704
0.982716
0.9726
0.952864
0.949362
0.932965
0.948222
0.926015
0.94526
0.922191
0.897719
0.899787
0.901676
0.911385

