0
0
0
0
0
0
0
0
0
0
0
0
0
0
0
0
0
0
0
0
0
0
0
0
0
0
0
0
0
0
0
0
0
0
0
0
0
0
0
0
0
0
0
0
0
0
0
0
0
0
0
0
0
0
0
0
0
0
0
0
0
0
0
0
0
0
0
0
0.000194891
0.000378647
0.00533573
0.0212867
0.0643724
0.150996
0.300365
0.563585
0.835062
1.21515
1.58032
1.88445
2.21951
2.38828
2.57701
2.65167
2.70327
2.61276
2.53705
2.45837
2.43466
2.2479
2.16969
2.0489
1.93077
1.867
1.73799
1.65616
1.54482
1.48175
1.3684
1.28071
1.24929
1.23571
1.11945
1.08341
1.01504
0.982005
0.970503
0.899829
0.877958
0.85742
0.835006
0.796851
0.793948
0.75496
0.751736
0.73384
0.730122
0.704368
0.717407
0.693412
0.683147
0.688798
0.694845
0.688494
0.703497
0.69204
0.698686
0.71224
0.714656
0.739543
0.730991
0.743872
0.7617
0.778861
0.787391
0.80236
0.818918
0.849373
0.854553
0.8829
0.895115
0.926629
0.944698
0.961021
0.985256
0.998412
1.02825
1.05512
1.07144
1.07373
1.11401
1.12493
1.15628
1.14681
1.18975
1.20842
1.22293
1.24022
1.2496
1.25892
1.24992
1.28498
1.28064
1.27135
1.26723
1.28028
1.25257
1.25246
1.25622
1.23011
1.21519
1.20911
1.19022
1.16584
1.15694
1.13616
1.11851
1.10539
1.10159
1.09639
1.06597
1.06239
1.04123
1.05533
1.01996
1.01197
1.00199
1.0002
0.979034
0.979374
0.97431
0.951717
0.951998
0.95398
0.930586
0.922167
0.933481
0.931813
0.927855
0.916716

