0
0
0
0
0
0
0
0
0
0
0
0
0
0
0
0
0
0
0
0
0
0
0
0
0
0
0
0
0
0
0
0
0
0
0
0
0
0
0
0
0
0
0
0
0
0
0
0
0
0
0
0
0
0
0
0
0
0
0
0
0
0
0
0
0
0
0
0
0.000194891
0.0024612
0.00294385
0.0155626
0.0640245
0.145579
0.333482
0.574654
0.872096
1.18028
1.5266
1.88503
2.1505
2.38608
2.55256
2.62846
2.64973
2.66205
2.54243
2.53446
2.49105
2.3245
2.22652
2.05065
1.9995
1.85151
1.7173
1.65786
1.52833
1.45991
1.37518
1.32496
1.23
1.16487
1.1077
1.07402
1.02685
0.966476
0.939462
0.909166
0.869957
0.833624
0.810291
0.792364
0.775017
0.762911
0.73932
0.741106
0.709235
0.719602
0.693311
0.709998
0.698136
0.677214
0.698867
0.695929
0.682198
0.711549
0.690743
0.699471
0.707623
0.698754
0.71123
0.728641
0.754772
0.762698
0.78451
0.790854
0.807138
0.831573
0.84683
0.884874
0.912024
0.926674
0.943617
0.976786
1.01583
1.03336
1.06954
1.08371
1.11814
1.11113
1.14187
1.14282
1.18588
1.20332
1.20155
1.19783
1.23712
1.23864
1.26106
1.24242
1.25919
1.26878
1.25692
1.25268
1.2621
1.25257
1.25241
1.25298
1.22659
1.23708
1.19201
1.18635
1.19557
1.1817
1.15667
1.15032
1.13859
1.10951
1.10222
1.078
1.06117
1.03949
1.03686
1.02622
1.01066
1.00431
0.99749
0.987763
0.959835
0.962872
0.949488
0.955582
0.964337
0.945383
0.945961
0.921737
0.919247
0.9109
0.914812
0.921219

