0
0
0
0
0
0
0
0
0
0
0
0
0
0
0
0
0
0
0
0
0
0
0
0
0
0
0
0
0
0
0
0
0
0
0
0
0
0
0
0
0
0
0
0
0
0
0
0
0
0
0
0
0
0
0
0
0
0
0
0
0
0
0
0
0
0
0
0
0
0.000946617
0.0038638
0.0211079
0.0641985
0.15235
0.303495
0.55797
0.871002
1.21469
1.57008
1.93191
2.13865
2.4026
2.53859
2.6177
2.60862
2.604
2.62921
2.4954
2.43734
2.32016
2.16701
2.09336
1.98753
1.83813
1.75601
1.62888
1.55798
1.44827
1.37038
1.28053
1.25427
1.18431
1.12032
1.08375
1.03263
0.987017
0.918338
0.908692
0.884794
0.849412
0.830662
0.791114
0.80139
0.759362
0.746504
0.729521
0.732076
0.727683
0.705815
0.696678
0.6868
0.708683
0.693077
0.67998
0.701786
0.688266
0.708287
0.701833
0.685137
0.715658
0.745758
0.739959
0.766805
0.784505
0.776624
0.789509
0.819114
0.831089
0.854934
0.867956
0.895393
0.91891
0.935916
0.966173
0.979913
1.01941
1.02961
1.03642
1.06381
1.10261
1.12415
1.14223
1.1628
1.16633
1.19963
1.22252
1.2453
1.24686
1.26532
1.25278
1.28056
1.27152
1.2956
1.26109
1.26159
1.28071
1.26564
1.25794
1.22166
1.2078
1.22271
1.19764
1.18761
1.17186
1.15871
1.14599
1.12887
1.11102
1.10426
1.10093
1.07672
1.05615
1.04878
1.02592
1.00682
1.01359
0.999041
0.98204
0.973269
0.961955
0.969396
0.957228
0.948296
0.940962
0.943568
0.942027
0.934737
0.924029
0.923515
0.903366

