0
0
0
0
0
0
0
0
0
0
0
0
0
0
0
0
0
0
0
0
0
0
0
0
0
0
0
0
0
0
0
0
0
0
0
0
0
0
0
0
0
0
0
0
0
0
0
0
0
0
0
0
0
0
0
0
0
0
0
0
0
0
0
0
0
0
0
0
0
0.000757293
0.00404779
0.0180669
0.0624587
0.157428
0.321454
0.570804
0.899129
1.20845
1.54604
1.92207
2.1347
2.34904
2.52609
2.64892
2.64307
2.65442
2.58264
2.54115
2.40897
2.27838
2.19302
2.08735
1.96562
1.81961
1.76717
1.62919
1.57645
1.46106
1.36415
1.28866
1.23978
1.18849
1.13164
1.08554
1.01772
0.974364
0.923579
0.917159
0.886736
0.845369
0.812537
0.808473
0.780725
0.759007
0.748039
0.727464
0.725675
0.6994
0.70549
0.697766
0.706324
0.680559
0.693809
0.69503
0.71217
0.712478
0.70983
0.718035
0.719474
0.716367
0.722345
0.765713
0.770086
0.772652
0.785015
0.809632
0.825543
0.842504
0.857842
0.872703
0.888305
0.910049
0.943707
0.942325
0.97619
0.995604
1.03093
1.04516
1.0583
1.06559
1.12463
1.15737
1.16729
1.19043
1.20036
1.21383
1.22525
1.22574
1.26681
1.2513
1.27413
1.27078
1.28715
1.28713
1.28815
1.26659
1.27504
1.26706
1.25368
1.24218
1.22488
1.19643
1.19458
1.16955
1.14231
1.13298
1.11619
1.10243
1.09487
1.07101
1.06145
1.0386
1.02698
1.01348
0.993765
1.00625
0.998673
0.973352
0.980888
0.978712
0.968967
0.959722
0.955329
0.934856
0.95256
0.927838
0.934618
0.927264
0.92579
0.930985

