0
0
0
0
0
0
0
0
0
0
0
0
0
0
0
0
0
0
0
0
0
0
0
0
0
0
0
0
0
0
0
0
0
0
0
0
0
0
0
0
0
0
0
0
0
0
0
0
0
0
0
0
0
0
0
0
0
0
0
0
0
0
0
0
0
0
0
0
0
0.000757293
0.00515174
0.0189613
0.0652423
0.165723
0.319972
0.577221
0.876471
1.2354
1.5493
1.94132
2.16772
2.38442
2.53939
2.66453
2.67048
2.62389
2.54585
2.50794
2.36916
2.3084
2.16377
2.03055
1.95258
1.83425
1.71495
1.66127
1.55975
1.43874
1.36858
1.31239
1.252
1.17774
1.15314
1.10398
1.0297
0.991536
0.980017
0.920483
0.891009
0.844912
0.831711
0.824877
0.793153
0.755883
0.738553
0.727122
0.718129
0.71013
0.712653
0.697702
0.679872
0.694435
0.693809
0.690113
0.687095
0.695524
0.697886
0.70594
0.707179
0.72182
0.744415
0.734088
0.754824
0.779271
0.782892
0.793544
0.815531
0.817933
0.849595
0.879422
0.903732
0.916306
0.929702
0.96937
1.01245
1.00878
1.03809
1.06496
1.05444
1.10118
1.10852
1.15362
1.16036
1.18224
1.1809
1.18973
1.22924
1.23757
1.2457
1.24437
1.25802
1.26647
1.26478
1.26044
1.26757
1.28031
1.24103
1.2464
1.24189
1.23753
1.19905
1.20249
1.20857
1.19346
1.15793
1.15273
1.11906
1.13247
1.12544
1.10811
1.09157
1.05037
1.02692
1.048
1.02345
1.02754
1.0058
1.00795
0.994194
0.982251
0.95352
0.940221
0.94415
0.946995
0.937307
0.914247
0.928981
0.90607
0.913698
0.906307

