0
0
0
0
0
0
0
0
0
0
0
0
0
0
0
0
0
0
0
0
0
0
0
0
0
0
0
0
0
0
0
0
0
0
0
0
0
0
0
0
0
0
0
0
0
0
0
0
0
0
0
0
0
0
0
0
0
0
0
0
0
0
0
0
0
0
0
0
0
0.000946617
0.00331183
0.0146682
0.059501
0.156582
0.319312
0.572408
0.901317
1.24469
1.54826
1.94248
2.22247
2.41774
2.61262
2.63423
2.69456
2.65942
2.60489
2.4524
2.38819
2.28557
2.17817
2.02531
1.93355
1.78833
1.68443
1.61114
1.51016
1.44836
1.36331
1.29937
1.25092
1.15822
1.11223
1.0654
1.02551
0.973871
0.944058
0.892469
0.889378
0.847886
0.816058
0.79104
0.797344
0.760497
0.760455
0.751046
0.740566
0.753913
0.714086
0.706283
0.701789
0.70094
0.700451
0.695989
0.692405
0.705046
0.717031
0.713647
0.725733
0.730545
0.746671
0.736838
0.757689
0.776039
0.791991
0.793295
0.833887
0.840086
0.834482
0.894319
0.901879
0.923843
0.954966
0.960888
0.992307
1.00347
1.04022
1.06752
1.0811
1.10241
1.09944
1.12959
1.16206
1.16579
1.17136
1.19843
1.2068
1.23318
1.25731
1.24756
1.26725
1.25269
1.25824
1.28784
1.29322
1.26979
1.24152
1.26925
1.24115
1.23985
1.215
1.1941
1.19265
1.1763
1.16637
1.13708
1.13345
1.09947
1.0871
1.06659
1.07698
1.05295
1.04205
1.02877
1.02842
1.00559
1.00093
0.987138
0.962975
0.976878
0.961508
0.957079
0.937808
0.948119
0.93692
0.933772
0.927963
0.923279
0.935027
0.929859

