0
0
0
0
0
0
0
0
0
0
0
0
0
0
0
0
0
0
0
0
0
0
0
0
0
0
0
0
0
0
0
0
0
0
0
0
0
0
0
0
0
0
0
0
0
0
0
0
0
0
0
0
0
0
0
0
0
0
0
0
0
0
0
0
0
0
0
0
0
0.00113594
0.00349582
0.0203923
0.0560214
0.134068
0.309427
0.575135
0.854751
1.27072
1.59842
1.88228
2.16843
2.36102
2.58427
2.63659
2.67394
2.65054
2.56553
2.48704
2.39986
2.2552
2.17147
2.04705
1.9529
1.78854
1.71607
1.63009
1.54217
1.45789
1.38725
1.29789
1.21225
1.18263
1.09891
1.09954
1.04142
0.99663
0.969455
0.943669
0.885494
0.857801
0.836804
0.815388
0.781231
0.766248
0.752782
0.722323
0.723924
0.720861
0.715649
0.696165
0.692846
0.681179
0.700329
0.689394
0.693762
0.690937
0.718917
0.725179
0.72097
0.712005
0.735716
0.743978
0.750605
0.777014
0.793154
0.811724
0.810721
0.843665
0.856174
0.896528
0.905446
0.938047
0.949472
0.951029
0.99003
1.0042
1.03694
1.04092
1.06833
1.07868
1.11595
1.13473
1.14833
1.1633
1.17044
1.18406
1.21823
1.23322
1.22448
1.26525
1.26618
1.23509
1.27801
1.27334
1.28531
1.26492
1.24769
1.2568
1.23171
1.23899
1.22214
1.1955
1.18549
1.16384
1.16165
1.16324
1.13151
1.11679
1.1017
1.07547
1.07647
1.0763
1.05432
1.04485
1.01566
1.03288
1.00995
0.992367
1.00101
0.990553
0.974335
0.977776
0.956292
0.962895
0.939748
0.939658
0.925974
0.917136
0.917272
0.914763

