0
0
0
0
0
0
0
0
0
0
0
0
0
0
0
0
0
0
0
0
0
0
0
0
0
0
0
0
0
0
0
0
0
0
0
0
0
0
0
0
0
0
0
0
0
0
0
0
0
0
0
0
0
0
0
0
0
0
0
0
0
0
0
0
0
0
0
0
0
0.000378647
0.00441578
0.0203923
0.0582832
0.150488
0.321619
0.589734
0.841781
1.18866
1.58433
1.85711
2.20258
2.39819
2.5269
2.62308
2.67368
2.6603
2.54365
2.47605
2.39998
2.29014
2.15495
2.01897
1.95076
1.84179
1.73338
1.62688
1.53019
1.42201
1.39224
1.35886
1.25073
1.20429
1.1218
1.10236
1.0168
0.982744
0.93535
0.919533
0.884018
0.874428
0.830737
0.80281
0.794309
0.759717
0.754038
0.717456
0.735109
0.729803
0.713956
0.713776
0.711803
0.685948
0.682839
0.696588
0.684204
0.690124
0.705373
0.695195
0.713161
0.734253
0.722668
0.754132
0.740812
0.770548
0.784611
0.811325
0.824709
0.844197
0.852694
0.865842
0.893771
0.940742
0.957893
0.973322
1.00317
1.00766
1.02727
1.0537
1.0758
1.09218
1.12023
1.14342
1.15836
1.16901
1.17933
1.18792
1.23044
1.23444
1.25491
1.27215
1.26018
1.27727
1.27573
1.25897
1.26358
1.26515
1.26785
1.24832
1.23873
1.21824
1.21821
1.20688
1.18773
1.16922
1.16144
1.13334
1.12297
1.10913
1.10914
1.08072
1.07007
1.05662
1.0415
1.02611
1.0224
1.00915
1.00795
0.998948
0.981917
0.967201
0.960677
0.959597
0.939979
0.951514
0.930345
0.92968
0.901555
0.9124
0.905482
0.913798

