0
0
0
0
0
0
0
0
0
0
0
0
0
0
0
0
0
0
0
0
0
0
0
0
0
0
0
0
0
0
0
0
0
0
0
0
0
0
0
0
0
0
0
0
0
0
0
0
0
0
0
0
0
0
0
0
0
0
0
0
0
0
0
0
0
0
0
0
0.000194891
0.000189323
0.00570371
0.020929
0.0641985
0.155058
0.322773
0.564387
0.856782
1.27468
1.58032
1.88966
2.19171
2.38842
2.55578
2.64551
2.67855
2.62552
2.61124
2.52837
2.43244
2.31605
2.17069
2.05425
1.93334
1.8194
1.73553
1.59018
1.53412
1.46645
1.37405
1.2942
1.21579
1.15848
1.13895
1.04559
1.02375
0.969516
0.957119
0.922857
0.879512
0.846285
0.827966
0.805531
0.781664
0.781013
0.743714
0.724243
0.728707
0.72351
0.711286
0.720756
0.692909
0.684895
0.696124
0.692212
0.689573
0.685305
0.697086
0.697277
0.709284
0.722911
0.735877
0.732449
0.756595
0.786609
0.786684
0.804352
0.81612
0.848938
0.872431
0.902872
0.91258
0.931836
0.957578
0.967993
0.983854
1.01716
1.05241
1.05235
1.0719
1.09918
1.11421
1.12936
1.15777
1.16478
1.20415
1.20433
1.20647
1.23499
1.2516
1.24764
1.27555
1.26633
1.26496
1.27673
1.25723
1.25794
1.27197
1.26299
1.24617
1.23619
1.21318
1.194
1.1944
1.17654
1.17592
1.14171
1.11854
1.095
1.07208
1.07104
1.05604
1.04671
1.03321
1.02217
1.02079
0.995968
1.00314
0.975069
0.976281
0.97204
0.94775
0.95461
0.959327
0.930265
0.952149
0.942242
0.930995
0.927217
0.926741
0.929169

