0
0
0
0
0
0
0
0
0
0
0
0
0
0
0
0
0
0
0
0
0
0
0
0
0
0
0
0
0
0
0
0
0
0
0
0
0
0
0
0
0
0
0
0
0
0
0
0
0
0
0
0
0
0
0
0
0
0
0
0
0
0
0
0
0
0
0
0
0
0.000757293
0.00367981
0.0191402
0.0781168
0.16403
0.333482
0.580911
0.899129
1.22687
1.5916
1.95304
2.22967
2.47199
2.60671
2.67699
2.68316
2.61276
2.56492
2.47044
2.38445
2.23237
2.15071
2.05196
1.93067
1.80423
1.6961
1.61314
1.52499
1.43095
1.33154
1.29124
1.22176
1.12653
1.08777
1.05968
1.02551
0.987017
0.937527
0.922223
0.87019
0.842624
0.8216
0.807885
0.80298
0.78435
0.75355
0.750498
0.742318
0.741461
0.730041
0.697766
0.718164
0.719648
0.711116
0.696049
0.701786
0.707078
0.702401
0.719666
0.707179
0.732726
0.748872
0.760531
0.764669
0.77414
0.785723
0.810778
0.834869
0.842746
0.86118
0.888069
0.901045
0.91416
0.936457
0.954671
0.980438
1.00908
1.02791
1.06282
1.05996
1.10261
1.12499
1.1435
1.1628
1.18488
1.18818
1.22445
1.22592
1.23905
1.25396
1.25368
1.26522
1.26745
1.27306
1.25726
1.27436
1.24883
1.2405
1.23496
1.21606
1.21146
1.19842
1.19394
1.17998
1.15309
1.14901
1.1372
1.11167
1.10916
1.10001
1.07181
1.08065
1.06089
1.04123
1.03417
1.03224
1.02122
1.00104
1.01697
0.988326
0.992947
0.96549
0.971268
0.964263
0.970222
0.953745
0.937504
0.946366
0.936525
0.939808
0.916141

