0
0
0
0
0
0
0
0
0
0
0
0
0
0
0
0
0
0
0
0
0
0
0
0
0
0
0
0
0
0
0
0
0
0
0
0
0
0
0
0
0
0
0
0
0
0
0
0
0
0
0
0
0
0
0
0
0
0
0
0
0
0
0
0
0
0
0
0
0.000389783
0.00170391
0.00478376
0.0198557
0.0662862
0.142532
0.318653
0.541606
0.892566
1.24666
1.59353
1.89314
2.26312
2.44858
2.59972
2.648
2.66267
2.65329
2.5868
2.47975
2.40348
2.30304
2.19905
2.06758
2.00409
1.833
1.71454
1.62026
1.53098
1.4575
1.36745
1.28274
1.2128
1.17304
1.11109
1.04431
1.03464
0.948483
0.923821
0.885031
0.851624
0.820734
0.804149
0.792732
0.776606
0.746726
0.73074
0.721021
0.692929
0.71066
0.71083
0.687392
0.696562
0.704719
0.693504
0.688554
0.694942
0.68995
0.700515
0.696264
0.726674
0.728418
0.730346
0.742656
0.73628
0.780811
0.785875
0.811923
0.835851
0.852904
0.865899
0.893332
0.929211
0.959285
0.966045
0.997437
0.997957
1.04355
1.03967
1.06013
1.10292
1.11141
1.13577
1.1678
1.16587
1.19567
1.19902
1.206
1.25075
1.23204
1.26681
1.2508
1.2643
1.28333
1.28764
1.27512
1.24966
1.25136
1.24109
1.25667
1.25336
1.22613
1.20239
1.19854
1.2011
1.16937
1.12901
1.14934
1.1156
1.09453
1.08529
1.07218
1.06117
1.03816
1.02322
1.01633
0.997364
0.985816
0.98345
0.965418
0.955717
0.958695
0.945708
0.944311
0.941213
0.947386
0.929063
0.927934
0.911811
0.911041
0.917574
0.914579

