0
0
0
0
0
0
0
0
0
0
0
0
0
0
0
0
0
0
0
0
0
0
0
0
0
0
0
0
0
0
0
0
0
0
0
0
0
0
0
0
0
0
0
0
0
0
0
0
0
0
0
0
0
0
0
0
0
0
0
0
0
0
0
0
0
0
0
0
0
0.00056797
0.00809559
0.0173514
0.0638505
0.163522
0.318653
0.584761
0.872096
1.23509
1.58848
1.93437
2.1903
2.43509
2.57352
2.66531
2.72466
2.6035
2.57213
2.48346
2.42894
2.27358
2.17404
2.03274
1.95279
1.7967
1.70491
1.64884
1.54158
1.43778
1.35039
1.31258
1.24865
1.1702
1.13573
1.05217
1.01471
0.976171
0.922531
0.895635
0.872055
0.832556
0.825944
0.778683
0.768369
0.753967
0.744272
0.742409
0.711593
0.71735
0.692465
0.697574
0.700719
0.685887
0.689604
0.689274
0.683437
0.706323
0.707601
0.696602
0.733099
0.736162
0.745973
0.761483
0.758731
0.795024
0.792042
0.826118
0.831433
0.854887
0.867806
0.892064
0.916054
0.922609
0.962802
0.994772
1.00571
1.01249
1.04525
1.05449
1.07571
1.1009
1.12839
1.13286
1.17303
1.18391
1.17373
1.22173
1.22943
1.22928
1.24232
1.25612
1.23579
1.25904
1.26887
1.2666
1.26622
1.23824
1.23931
1.24007
1.23693
1.22352
1.21047
1.20193
1.17931
1.16238
1.16417
1.13886
1.11589
1.1042
1.10271
1.10615
1.06227
1.0549
1.02742
1.02622
1.01649
1.0053
0.993151
0.982482
0.967633
0.956429
0.964961
0.963662
0.954688
0.952344
0.942915
0.927886
0.921426
0.918379
0.926231
0.924551

