0
0
0
0
0
0
0
0
0
0
0
0
0
0
0
0
0
0
0
0
0
0
0
0
0
0
0
0
0
0
0
0
0
0
0
0
0
0
0
0
0
0
0
0
0
0
0
0
0
0
0
0
0
0
0
0
0
0
0
0
0
0
0
0
0
0
0
0
0
0.0024612
0.00257587
0.0207501
0.0574133
0.158105
0.323102
0.578986
0.881159
1.26859
1.60184
1.94088
2.25902
2.40026
2.5883
2.63042
2.61182
2.6399
2.59425
2.45599
2.39402
2.2882
2.17281
2.07129
1.92661
1.83865
1.71587
1.636
1.50554
1.43009
1.36585
1.26566
1.22239
1.14694
1.10047
1.07436
1.01973
0.9765
0.929223
0.918662
0.899632
0.849945
0.810366
0.809356
0.799367
0.776683
0.748527
0.76174
0.71914
0.730929
0.71871
0.704811
0.677668
0.669161
0.680341
0.684957
0.69329
0.681183
0.699029
0.714322
0.728391
0.72471
0.726641
0.751382
0.771336
0.76162
0.781831
0.809383
0.845765
0.875638
0.880773
0.880691
0.908966
0.933982
0.943122
0.986601
0.984862
1.02437
1.02497
1.0492
1.07783
1.09468
1.11413
1.12928
1.15958
1.17607
1.18749
1.20963
1.21517
1.24365
1.25957
1.25842
1.26434
1.26174
1.25678
1.27936
1.28217
1.26221
1.24482
1.24972
1.24756
1.23778
1.22208
1.20097
1.19492
1.16855
1.15856
1.13301
1.1232
1.11398
1.10693
1.07337
1.05761
1.0504
1.03486
1.02013
1.00712
1.01226
1.00585
0.988881
0.973166
0.978839
0.952185
0.956056
0.936623
0.943454
0.944317
0.923842
0.923392
0.914206
0.921125
0.911408

