0
0
0
0
0
0
0
0
0
0
0
0
0
0
0
0
0
0
0
0
0
0
0
0
0
0
0
0
0
0
0
0
0
0
0
0
0
0
0
0
0
0
0
0
0
0
0
0
0
0
0
0
0
0
0
0
0
0
0
0
0
0
0
0
0
0
0
0
0
0.00113594
0.00404779
0.0193191
0.0704617
0.157598
0.314699
0.560055
0.87944
1.2156
1.63152
1.93785
2.17322
2.46937
2.56008
2.61928
2.66843
2.65404
2.6363
2.55214
2.4092
2.26902
2.16812
2.03787
1.91485
1.84304
1.68392
1.59449
1.51458
1.43057
1.34106
1.2433
1.2147
1.13727
1.11945
1.0654
1.0096
0.956863
0.930271
0.92159
0.861956
0.839115
0.801753
0.829732
0.767141
0.786266
0.752085
0.740969
0.735109
0.718675
0.724701
0.711727
0.709851
0.698152
0.730434
0.711398
0.711108
0.716716
0.71343
0.730692
0.748439
0.722693
0.753598
0.754713
0.744302
0.786352
0.791739
0.810877
0.827409
0.82809
0.860846
0.881772
0.900072
0.923843
0.94668
0.964618
0.986044
1.01228
1.0219
1.04953
1.0726
1.07311
1.09932
1.13677
1.1687
1.15279
1.19162
1.20384
1.2273
1.23975
1.24814
1.24602
1.26632
1.26843
1.26357
1.27382
1.25331
1.25734
1.25
1.24627
1.23861
1.21296
1.22976
1.19901
1.18453
1.16907
1.14976
1.14177
1.12722
1.12106
1.10274
1.08055
1.05331
1.06753
1.03483
1.0263
1.03562
1.01683
1.01174
0.992289
0.981299
0.975248
0.957653
0.952964
0.951406
0.94614
0.949538
0.921473
0.926045
0.933735
0.932428
0.926481

