0
0
0
0
0
0
0
0
0
0
0
0
0
0
0
0
0
0
0
0
0
0
0
0
0
0
0
0
0
0
0
0
0
0
0
0
0
0
0
0
0
0
0
0
0
0
0
0
0
0
0
0
0
0
0
0
0
0
0
0
0
0
0
0
0
0
0
0
0.000389783
0.00189323
0.00570371
0.0207501
0.0706357
0.179773
0.352101
0.574494
0.935538
1.21941
1.61163
1.96924
2.2435
2.39736
2.59193
2.64551
2.70993
2.67306
2.5835
2.46506
2.41411
2.26993
2.17025
2.05032
1.86291
1.79492
1.73154
1.5986
1.49474
1.41902
1.33918
1.32302
1.21271
1.14952
1.08899
1.02852
1.00164
0.956534
0.90955
0.890887
0.833369
0.823785
0.813811
0.80965
0.779352
0.740976
0.729624
0.721843
0.726956
0.728611
0.692725
0.688929
0.704434
0.683285
0.703437
0.710139
0.710636
0.702491
0.725889
0.72681
0.719807
0.737471
0.759827
0.759843
0.782796
0.799078
0.798715
0.832095
0.832169
0.865093
0.875482
0.89822
0.928562
0.95216
0.964108
0.977852
1.0192
1.02541
1.05428
1.0843
1.09462
1.10744
1.12903
1.14649
1.17806
1.16606
1.18764
1.22256
1.21808
1.22681
1.24581
1.24429
1.26178
1.25683
1.27046
1.26797
1.2504
1.2325
1.24462
1.22818
1.22714
1.2191
1.19515
1.18511
1.16935
1.17441
1.15612
1.13788
1.11859
1.101
1.09157
1.06381
1.04349
1.04782
1.03681
1.00205
1.0079
0.993789
0.974379
0.981702
0.968096
0.963916
0.950169
0.94062
0.943681
0.941255
0.94219
0.928986
0.914984
0.914417
0.929759
0.936223

