0
0
0
0
0
0
0
0
0
0
0
0
0
0
0
0
0
0
0
0
0
0
0
0
0
0
0
0
0
0
0
0
0
0
0
0
0
0
0
0
0
0
0
0
0
0
0
0
0
0
0
0
0
0
0
0
0
0
0
0
0
0
0
0
0
0
0
0
0
0.000757293
0.00551972
0.0194979
0.0641985
0.170971
0.325903
0.573692
0.87819
1.20921
1.57438
1.89979
2.19326
2.46235
2.54504
2.62216
2.64256
2.64028
2.55551
2.50054
2.42859
2.27244
2.17773
2.06125
1.96669
1.8239
1.72979
1.62377
1.53049
1.45491
1.3617
1.29318
1.24829
1.18476
1.13442
1.06113
1.01077
0.957603
0.960667
0.895872
0.874307
0.839268
0.83186
0.80612
0.804208
0.762769
0.742668
0.732332
0.709504
0.710263
0.697219
0.697062
0.695428
0.695055
0.700329
0.695449
0.682729
0.707078
0.698058
0.706559
0.712441
0.756611
0.747959
0.76143
0.766232
0.781478
0.792295
0.814712
0.827605
0.833701
0.841967
0.882195
0.894466
0.923432
0.946274
0.96977
1.00396
0.986706
1.0262
1.03844
1.08139
1.10703
1.11611
1.12605
1.1488
1.17402
1.19503
1.21383
1.23503
1.23027
1.24133
1.24598
1.25898
1.26927
1.25197
1.25784
1.27626
1.27253
1.26178
1.25328
1.24724
1.22598
1.22111
1.22
1.1905
1.17526
1.16778
1.16736
1.11792
1.11584
1.09984
1.09029
1.07164
1.06334
1.04955
1.03632
1.02248
0.992381
1.01116
0.993511
0.96228
0.974943
0.965969
0.960021
0.959031
0.934661
0.951158
0.924584
0.917258
0.916855
0.91892
0.918094

