0
0
0
0
0
0
0
0
0
0
0
0
0
0
0
0
0
0
0
0
0
0
0
0
0
0
0
0
0
0
0
0
0
0
0
0
0
0
0
0
0
0
0
0
0
0
0
0
0
0
0
0
0
0
0
0
0
0
0
0
0
0
0
0
0
0
0
0
0.000779565
0.00056797
0.00441578
0.0241488
0.0704617
0.142532
0.313711
0.537114
0.853813
1.19931
1.55643
1.89661
2.17026
2.37437
2.48484
2.61127
2.64986
2.64391
2.61185
2.44034
2.4029
2.29813
2.17159
2.09248
1.94649
1.8443
1.75427
1.65004
1.5572
1.47694
1.34295
1.30214
1.23607
1.20233
1.14913
1.08153
1.0446
0.983319
0.940349
0.930928
0.901651
0.889072
0.83598
0.833336
0.80587
0.765538
0.760595
0.731578
0.718937
0.718543
0.702168
0.719027
0.705064
0.712462
0.68741
0.706122
0.697361
0.715787
0.692857
0.700483
0.716373
0.721111
0.726104
0.754555
0.743885
0.746073
0.772984
0.78413
0.802083
0.823543
0.821896
0.872609
0.891826
0.914845
0.937403
0.943835
0.972555
0.986015
1.00822
1.0347
1.07986
1.08637
1.10901
1.12517
1.14346
1.17242
1.17852
1.19877
1.23846
1.22939
1.26423
1.25993
1.25596
1.27948
1.28698
1.26848
1.27166
1.2743
1.28936
1.28339
1.24998
1.241
1.24218
1.22755
1.20952
1.19404
1.16976
1.15513
1.16043
1.12991
1.10965
1.07751
1.06592
1.065
1.05787
1.02882
1.01955
1.02127
1.01802
0.982898
0.985649
0.960402
0.965918
0.955059
0.954737
0.954371
0.938539
0.920827
0.924742
0.918144
0.915462
0.92053

