0
0
0
0
0
0
0
0
0
0
0
0
0
0
0
0
0
0
0
0
0
0
0
0
0
0
0
0
0
0
0
0
0
0
0
0
0
0
0
0
0
0
0
0
0
0
0
0
0
0
0
0
0
0
0
0
0
0
0
0
0
0
0
0
0
0
0
0
0
0.000757293
0.00331183
0.0186035
0.0749852
0.164369
0.330846
0.574815
0.881628
1.21454
1.60733
1.95246
2.2133
2.4037
2.56196
2.63213
2.69751
2.71158
2.58435
2.54831
2.4099
2.31982
2.14166
2.01777
1.939
1.84859
1.73195
1.63671
1.50829
1.43586
1.35096
1.28043
1.2176
1.15777
1.11527
1.06548
1.01981
0.965572
0.932689
0.908454
0.86351
0.849412
0.837927
0.798911
0.77863
0.767667
0.755712
0.728561
0.72426
0.714038
0.702885
0.705771
0.69039
0.708498
0.697404
0.685736
0.683791
0.695814
0.699201
0.693845
0.703524
0.732563
0.722131
0.733136
0.769097
0.770497
0.795631
0.798475
0.829764
0.842021
0.866042
0.878906
0.892567
0.909136
0.936502
0.957024
0.972686
1.02386
1.0435
1.07522
1.07248
1.11313
1.1126
1.15147
1.19135
1.18286
1.204
1.23232
1.24003
1.23975
1.25538
1.28484
1.25954
1.26223
1.28383
1.26349
1.27602
1.26702
1.26838
1.2567
1.24244
1.21977
1.20456
1.19491
1.18825
1.17292
1.16258
1.13901
1.11674
1.10486
1.09192
1.07822
1.06089
1.0386
1.02066
1.03963
1.02364
1.00753
0.993151
0.995254
0.983075
0.982379
0.964406
0.959996
0.956662
0.957424
0.945308
0.929202
0.92306
0.914088
0.918061
0.914648

