0
0
0
0
0
0
0
0
0
0
0
0
0
0
0
0
0
0
0
0
0
0
0
0
0
0
0
0
0
0
0
0
0
0
0
0
0
0
0
0
0
0
0
0
0
0
0
0
0
0
0
0
0
0
0
0
0
0
0
0
0
0
0
0
0
0
0
0
0.000389783
0.000378647
0.00459977
0.017888
0.068548
0.1664
0.325574
0.571446
0.876159
1.29447
1.56014
1.95608
2.17224
2.41457
2.56062
2.69981
2.6391
2.65717
2.57091
2.48823
2.4064
2.26559
2.17326
2.0181
1.9094
1.81658
1.70041
1.61685
1.52754
1.41085
1.3766
1.2893
1.20465
1.16212
1.1084
1.10347
0.981712
0.94421
0.942284
0.912094
0.868714
0.840107
0.811714
0.808841
0.774655
0.776825
0.763873
0.747207
0.729718
0.726557
0.720859
0.733244
0.714637
0.692577
0.722024
0.721651
0.717066
0.701853
0.717488
0.700089
0.725566
0.72471
0.739368
0.775814
0.770034
0.785069
0.802051
0.825421
0.833446
0.841972
0.88473
0.90024
0.907994
0.950059
0.95929
0.968482
0.994234
1.00576
1.02646
1.05256
1.08878
1.08199
1.09536
1.13039
1.16638
1.17634
1.18369
1.19514
1.20983
1.21858
1.22735
1.23308
1.24911
1.25676
1.24961
1.25579
1.24831
1.24812
1.24215
1.23841
1.23542
1.21108
1.20264
1.19556
1.19342
1.17596
1.15637
1.13087
1.12872
1.10234
1.10168
1.09463
1.07964
1.06414
1.04422
1.0181
1.02555
1.00158
1.00172
0.989297
1.00552
0.981615
0.972168
0.968724
0.961326
0.962553
0.958072
0.9521
0.929645
0.917652
0.924653
0.929032

