0
0
0
0
0
0
0
0
0
0
0
0
0
0
0
0
0
0
0
0
0
0
0
0
0
0
0
0
0
0
0
0
0
0
0
0
0
0
0
0
0
0
0
0
0
0
0
0
0
0
0
0
0
0
0
0
0
0
0
0
0
0
0
0
0
0
0
0
0.000389783
0.000757293
0.00275986
0.0198557
0.0713316
0.151165
0.350288
0.566793
0.899754
1.28625
1.56207
1.93235
2.24463
2.42531
2.60053
2.62767
2.66869
2.57736
2.62469
2.50137
2.4322
2.24812
2.14479
2.03809
1.91912
1.79126
1.7258
1.64142
1.53746
1.46087
1.36981
1.31138
1.22991
1.16372
1.11336
1.07684
1.01303
0.974199
0.937527
0.908296
0.895126
0.844454
0.817555
0.797513
0.782748
0.769584
0.745877
0.729384
0.723519
0.710528
0.707964
0.674136
0.692279
0.680869
0.689238
0.697608
0.684027
0.685595
0.717431
0.700258
0.711167
0.74216
0.737596
0.746199
0.778681
0.796563
0.804225
0.811674
0.83001
0.851259
0.878819
0.908652
0.912302
0.939737
0.981176
0.978874
1.0047
1.01776
1.03413
1.07
1.08243
1.10057
1.10929
1.13127
1.13795
1.17471
1.19055
1.20562
1.21285
1.21611
1.2291
1.2536
1.24786
1.25669
1.25457
1.26592
1.25226
1.25757
1.25561
1.24777
1.24447
1.2197
1.20607
1.20675
1.18524
1.18899
1.17294
1.14135
1.13659
1.11964
1.10518
1.0847
1.07333
1.05329
1.04535
1.03072
1.018
1.01013
1.00075
0.977332
0.971828
0.964553
0.973251
0.962515
0.949875
0.948583
0.939434
0.946908
0.921213
0.929046
0.928691
0.911201

