0
0
0
0
0
0
0
0
0
0
0
0
0
0
0
0
0
0
0
0
0
0
0
0
0
0
0
0
0
0
0
0
0
0
0
0
0
0
0
0
0
0
0
0
0
0
0
0
0
0
0
0
0
0
0
0
0
0
0
0
0
0
0
0
0
0
0
0
0
0.00056797
0.00496775
0.0205712
0.0626327
0.145917
0.309921
0.55428
0.879909
1.24499
1.58344
1.90066
2.18903
2.38263
2.54759
2.62334
2.72863
2.65679
2.54512
2.48823
2.38328
2.3156
2.16879
2.04956
1.93323
1.81584
1.73154
1.61455
1.53343
1.45731
1.3602
1.32708
1.24621
1.16683
1.10805
1.07726
1.00792
0.940677
0.933899
0.918346
0.855586
0.846971
0.813511
0.826789
0.784266
0.76568
0.772523
0.750086
0.727966
0.725564
0.698717
0.704234
0.709284
0.697409
0.70429
0.709479
0.714294
0.701098
0.717031
0.705321
0.713327
0.717512
0.737757
0.738372
0.748678
0.771626
0.783297
0.802559
0.82839
0.852323
0.866281
0.878812
0.923698
0.931561
0.947625
0.960843
1.00028
1.01483
1.02373
1.05454
1.06871
1.11076
1.11377
1.1282
1.15686
1.17402
1.17844
1.20263
1.21289
1.23082
1.24687
1.2366
1.25369
1.2664
1.28902
1.27785
1.25605
1.24836
1.24113
1.25217
1.22901
1.23769
1.21359
1.20252
1.18957
1.18817
1.14748
1.14245
1.13829
1.10997
1.09794
1.08637
1.08192
1.07333
1.04384
1.04314
1.03035
1.01611
1.01156
0.983679
0.991414
0.979985
0.961206
0.958749
0.958093
0.948925
0.933777
0.933509
0.924671
0.917699
0.931871
0.904814

