0
0
0
0
0
0
0
0
0
0
0
0
0
0
0
0
0
0
0
0
0
0
0
0
0
0
0
0
0
0
0
0
0
0
0
0
0
0
0
0
0
0
0
0
0
0
0
0
0
0
0
0
0
0
0
0
0
0
0
0
0
0
0
0
0
0
0
0
0.000389783
0.00056797
0.00478376
0.0245066
0.0735934
0.174525
0.334141
0.579948
0.903817
1.28519
1.58507
1.93481
2.2109
2.45615
2.60402
2.62662
2.71006
2.6658
2.57629
2.43747
2.39379
2.28466
2.1813
2.03732
1.92842
1.81658
1.73389
1.60622
1.50878
1.45346
1.32099
1.26141
1.18627
1.15378
1.12241
1.04482
1.01412
0.993179
0.927852
0.910433
0.892097
0.838658
0.810815
0.795895
0.77639
0.764118
0.747202
0.723968
0.727764
0.707613
0.695135
0.704042
0.704749
0.696046
0.680767
0.700546
0.707745
0.695059
0.724631
0.718485
0.712939
0.726674
0.746671
0.75868
0.77842
0.777783
0.790879
0.823578
0.828636
0.851066
0.878723
0.907195
0.921336
0.934028
0.960415
0.992641
1.00645
1.0201
1.04644
1.07454
1.05403
1.13081
1.11841
1.11936
1.16351
1.17347
1.18201
1.18947
1.2186
1.20749
1.2402
1.23157
1.26586
1.26352
1.27344
1.26899
1.25588
1.25624
1.24525
1.21553
1.24199
1.22104
1.2128
1.19015
1.19105
1.15694
1.1551
1.12796
1.12458
1.10806
1.09817
1.09225
1.05941
1.06167
1.04252
1.02548
1.0094
1.00099
0.994492
0.974704
0.983024
0.982124
0.964532
0.96441
0.942373
0.951245
0.935421
0.938079
0.927679
0.92628
0.9289
0.917129

