0
0
0
0
0
0
0
0
0
0
0
0
0
0
0
0
0
0
0
0
0
0
0
0
0
0
0
0
0
0
0
0
0
0
0
0
0
0
0
0
0
0
0
0
0
0
0
0
0
0
0
0
0
0
0
0
0
0
0
0
0
0
0
0
0
0
0
0
0
0.00113594
0.00662366
0.0177091
0.0612408
0.150657
0.323267
0.552034
0.899129
1.27331
1.5726
1.9199
2.20512
2.40989
2.54692
2.64918
2.66395
2.62252
2.55111
2.488
2.3639
2.22472
2.1669
2.0548
1.96156
1.82212
1.69262
1.62628
1.55131
1.43355
1.36491
1.3099
1.25571
1.18556
1.11623
1.08085
1.03614
0.997123
0.950911
0.907505
0.884406
0.850708
0.82467
0.832012
0.791563
0.78584
0.771546
0.751457
0.734502
0.71947
0.725483
0.704682
0.703112
0.708436
0.711908
0.685137
0.697243
0.712884
0.687028
0.721804
0.7043
0.712823
0.732548
0.761483
0.735239
0.772601
0.772074
0.804551
0.817249
0.835926
0.841967
0.890372
0.920594
0.93348
0.941816
0.950629
0.981227
1.0112
1.02514
1.04466
1.08587
1.09967
1.11567
1.14629
1.14849
1.17537
1.18258
1.21311
1.22446
1.24163
1.22852
1.24587
1.25663
1.25269
1.26357
1.26219
1.25757
1.24148
1.25508
1.24177
1.23745
1.22594
1.22828
1.2195
1.1763
1.19085
1.17168
1.15804
1.13198
1.12559
1.11468
1.09948
1.07094
1.04824
1.04944
1.03512
1.01413
1.01401
0.998068
1.00358
0.990745
0.977769
0.973655
0.950595
0.962807
0.95166
0.935687
0.93693
0.924529
0.916949
0.914301
0.91621

