0
0
0
0
0
0
0
0
0
0
0
0
0
0
0
0
0
0
0
0
0
0
0
0
0
0
0
0
0
0
0
0
0
0
0
0
0
0
0
0
0
0
0
0
0
0
0
0
0
0
0
0
0
0
0
0
0
0
0
0
0
0
0
0
0
0
0.00020679
0.000401417
0.000584674
0.000946617
0.00441578
0.0194979
0.0711577
0.136946
0.315358
0.551232
0.866783
1.20814
1.59471
1.93698
2.1807
2.40934
2.54732
2.65784
2.66446
2.66005
2.59988
2.52407
2.37534
2.29379
2.18956
2.08713
1.94991
1.84869
1.75581
1.65515
1.51301
1.47578
1.37349
1.28755
1.22384
1.1923
1.11327
1.07795
0.999298
0.982333
0.923498
0.898404
0.868559
0.834081
0.819278
0.81605
0.769598
0.739059
0.73653
0.706488
0.706607
0.698142
0.695721
0.690018
0.698955
0.699391
0.663643
0.683098
0.678246
0.702491
0.694172
0.715841
0.694718
0.728855
0.728628
0.748579
0.749042
0.778963
0.789565
0.814463
0.797469
0.844246
0.857985
0.88196
0.913506
0.923249
0.95974
0.980028
1.01416
1.02614
1.04001
1.07879
1.09205
1.12115
1.12354
1.15948
1.1527
1.17712
1.19538
1.2187
1.23637
1.23573
1.26263
1.24746
1.24833
1.25704
1.26208
1.26403
1.26554
1.27637
1.2342
1.24082
1.23294
1.2276
1.21805
1.18589
1.19169
1.17116
1.16522
1.14608
1.12778
1.11566
1.09097
1.08376
1.07686
1.06073
1.03016
1.03901
1.02119
1.03647
1.00438
1.00082
0.9822
0.97805
0.966498
0.95249
0.967447
0.937885
0.943882
0.924799
0.917542
0.920747
0.903672
0.898196

