0
0
0
0
0
0
0
0
0
0
0
0
0
0
0
0
0
0
0
0
0
0
0
0
0
0
0
0
0
0
0
0
0
0
0
0
0
0
0
0
0
0
0
0
0
0
0
0
0
0
0
0
0
0
0
0
0
0
0
0
0
0
0
0
0
0
0
0
0
0.00227188
0.00423178
0.0218234
0.0779429
0.156243
0.338096
0.585242
0.897723
1.30376
1.61193
1.92352
2.19326
2.45698
2.53724
2.66387
2.6555
2.58736
2.53339
2.46435
2.38749
2.28477
2.19715
2.07796
1.92778
1.84022
1.72457
1.60051
1.51723
1.43326
1.3732
1.29318
1.24856
1.20038
1.10605
1.05336
1.00097
0.988989
0.913097
0.909166
0.881998
0.84903
0.838901
0.815976
0.786867
0.78222
0.763943
0.753788
0.746226
0.708475
0.729846
0.712943
0.704434
0.701931
0.709287
0.681899
0.67565
0.705511
0.712973
0.722141
0.727228
0.727437
0.745436
0.741122
0.753053
0.779117
0.795126
0.810578
0.835801
0.83491
0.865375
0.888586
0.901508
0.901919
0.946319
0.955248
0.984643
1.00394
1.02475
1.04285
1.0624
1.0887
1.11207
1.14007
1.13327
1.17448
1.21423
1.19382
1.22573
1.23927
1.24592
1.2504
1.26277
1.2603
1.2653
1.25059
1.26149
1.26679
1.25713
1.2449
1.25113
1.22839
1.23627
1.20128
1.1912
1.18155
1.15712
1.13809
1.12661
1.13479
1.11924
1.09701
1.0756
1.05989
1.04919
1.0364
1.02598
1.01858
1.00114
0.972962
0.980012
0.970257
0.96108
0.959921
0.948395
0.955006
0.943833
0.945065
0.924553
0.921872
0.917179
0.912006

