0
0
0
0
0
0
0
0
0
0
0
0
0
0
0
0
0
0
0
0
0
0
0
0
0
0
0
0
0
0
0
0
0
0
0
0
0
0
0
0
0
0
0
0
0
0
0
0
0
0
0
0
0
0
0
0
0
0
0
0
0
0
0
0
0
0
0
0
0
0.00113594
0.00735963
0.0193191
0.0603709
0.165723
0.329693
0.564066
0.903817
1.28671
1.59931
1.90529
2.20921
2.43523
2.523
2.62505
2.67881
2.66367
2.54866
2.49851
2.37429
2.28249
2.17259
2.01417
1.92511
1.87986
1.70399
1.58386
1.52401
1.44192
1.35756
1.26242
1.21307
1.1718
1.12467
1.04653
1.02233
1.00172
0.924949
0.8988
0.865685
0.860089
0.822274
0.804869
0.791274
0.76284
0.742598
0.749469
0.740162
0.741858
0.701908
0.72018
0.697066
0.704966
0.703498
0.713856
0.688983
0.702027
0.707716
0.698571
0.725511
0.718385
0.736468
0.734723
0.769409
0.785429
0.785571
0.811375
0.840219
0.829928
0.868378
0.893896
0.918602
0.922609
0.952084
0.990997
1.00094
1.03802
1.0213
1.05781
1.08409
1.09545
1.12725
1.14948
1.15073
1.17693
1.18959
1.18724
1.21341
1.23908
1.24184
1.26007
1.24612
1.23817
1.26139
1.25685
1.24638
1.24923
1.23631
1.2419
1.23413
1.22477
1.22608
1.20573
1.20285
1.1742
1.16063
1.13043
1.14557
1.11479
1.11367
1.08189
1.07417
1.05187
1.04392
1.03314
1.01238
1.00546
1.01374
0.984121
0.972729
0.946319
0.960954
0.954161
0.944323
0.949437
0.927057
0.940663
0.919129
0.906891
0.927391
0.923287

