0
0
0
0
0
0
0
0
0
0
0
0
0
0
0
0
0
0
0
0
0
0
0
0
0
0
0
0
0
0
0
0
0
0
0
0
0
0
0
0
0
0
0
0
0
0
0
0
0
0
0
0
0
0
0
0
0
0
0
0
0
0
0
0
0
0
0.00041358
0
0.000194891
0.0024612
0.00294385
0.0159203
0.0636765
0.159121
0.32096
0.578344
0.87444
1.20677
1.61059
1.88793
2.1903
2.36295
2.51104
2.62032
2.68265
2.67418
2.59829
2.4647
2.38328
2.28831
2.21245
2.07315
1.95333
1.858
1.73399
1.62387
1.56024
1.44567
1.36387
1.28404
1.22919
1.19425
1.12032
1.03671
1.01965
0.982909
0.935028
0.918029
0.887824
0.852691
0.838227
0.796336
0.775161
0.774624
0.746644
0.752623
0.745485
0.729737
0.718189
0.725303
0.699459
0.695179
0.702523
0.702344
0.698305
0.698659
0.701315
0.698796
0.711056
0.741615
0.730132
0.748209
0.761335
0.764442
0.760346
0.804651
0.827605
0.829928
0.847449
0.876556
0.893447
0.905573
0.938889
0.963508
0.988541
1.02718
1.02573
1.03987
1.06555
1.09615
1.10856
1.12469
1.15399
1.16179
1.19273
1.19586
1.23548
1.2285
1.24323
1.25163
1.26505
1.2725
1.25422
1.2705
1.2698
1.24933
1.24891
1.24421
1.23838
1.24912
1.22856
1.21826
1.19852
1.18808
1.16736
1.15474
1.1402
1.13296
1.11422
1.09974
1.08559
1.07017
1.04669
1.04819
1.02485
1.02975
1.02231
0.981155
0.97435
0.984416
0.962012
0.961667
0.94684
0.958377
0.938467
0.930829
0.915908
0.91791
0.914116
0.906675

