0
0
0
0
0
0
0
0
0
0
0
0
0
0
0
0
0
0
0
0
0
0
0
0
0
0
0
0
0
0
0
0
0
0
0
0
0
0
0
0
0
0
0
0
0
0
0
0
0
0
0
0
0
0
0
0
0
0
0
0
0
0
0
0
0
0
0
0
0
0.000946617
0.00441578
0.0200346
0.0659383
0.181974
0.344686
0.563585
0.885534
1.26783
1.58581
1.8995
2.26481
2.4165
2.54719
2.63344
2.70532
2.6718
2.53864
2.4475
2.35047
2.24687
2.15383
2.04279
1.91453
1.78059
1.70501
1.61244
1.55013
1.39497
1.39083
1.28949
1.24729
1.18378
1.11466
1.09135
1.04469
0.997205
0.948573
0.912173
0.886814
0.855513
0.835905
0.816859
0.770176
0.758723
0.749643
0.752691
0.733694
0.724107
0.707509
0.692067
0.698514
0.711161
0.71526
0.698987
0.684263
0.695872
0.71966
0.714884
0.715708
0.729891
0.748228
0.748632
0.768732
0.785942
0.79007
0.815011
0.833102
0.852952
0.859511
0.8954
0.880615
0.938093
0.938754
0.951606
0.984687
1.00951
1.02701
1.05702
1.06916
1.10131
1.11296
1.1282
1.1372
1.17343
1.19331
1.21485
1.21218
1.22622
1.24177
1.24853
1.26767
1.27411
1.26599
1.27375
1.25807
1.25784
1.24898
1.25191
1.23287
1.23546
1.20635
1.19459
1.17722
1.16512
1.14952
1.15994
1.1289
1.11058
1.08578
1.07153
1.07265
1.06406
1.06402
1.04335
1.03989
1.01258
1.00795
1.00288
0.987965
0.960758
0.962642
0.951343
0.955231
0.942257
0.935155
0.926067
0.915908
0.909165
0.924861
0.924528

