0
0
0
0
0
0
0
0
0
0
0
0
0
0
0
0
0
0
0
0
0
0
0
0
0
0
0
0
0
0
0
0
0
0
0
0
0
0
0
0
0
0
0
0
0
0
0
0
0
0
0
0
0
0
0
0
0
0
0
0
0
0
0
0
0
0
0
0
0
0.00056797
0.00607169
0.0168147
0.068374
0.165723
0.332823
0.574012
0.882253
1.22976
1.57186
1.91672
2.18141
2.41003
2.52663
2.59895
2.64897
2.63828
2.53412
2.49887
2.37196
2.27678
2.18699
2.03995
1.92682
1.83258
1.74597
1.63801
1.56829
1.45654
1.37235
1.2736
1.25073
1.16745
1.10979
1.09263
1.05046
0.976171
0.939865
0.922223
0.871666
0.85231
0.836504
0.815535
0.789396
0.77214
0.763734
0.72294
0.728438
0.734903
0.714021
0.702057
0.697507
0.719462
0.715442
0.697608
0.71276
0.708994
0.70583
0.708246
0.714268
0.715713
0.714183
0.744665
0.76519
0.771164
0.778595
0.792797
0.815825
0.832008
0.84006
0.885532
0.902527
0.909501
0.928891
0.962931
0.975489
1.0118
1.05173
1.06164
1.08691
1.09063
1.09411
1.12414
1.14601
1.17549
1.18657
1.20112
1.218
1.24306
1.25429
1.24595
1.25805
1.26174
1.2476
1.26667
1.27301
1.27343
1.2628
1.24405
1.24379
1.24218
1.21733
1.19795
1.20992
1.16943
1.15438
1.15133
1.12505
1.11395
1.11195
1.08827
1.06204
1.0675
1.04806
1.03314
1.0263
1.02045
0.993178
1.00173
0.995609
0.969085
0.967531
0.966156
0.946544
0.961112
0.945332
0.940352
0.933695
0.929398
0.935677
0.926068

