0
0
0
0
0
0
0
0
0
0
0
0
0
0
0
0
0
0
0
0
0
0
0
0
0
0
0
0
0
0
0
0
0
0
0
0
0
0
0
0
0
0
0
0
0
0
0
0
0
0
0
0
0
0
0
0
0
0
0
0
0
0
0
0
0
0
0
0.000401417
0
0.00056797
0.00294385
0.0191402
0.0711577
0.156074
0.299047
0.563745
0.861157
1.22946
1.58447
1.87548
2.18945
2.4607
2.58843
2.61062
2.67381
2.65654
2.5505
2.48668
2.42392
2.3019
2.13887
2.05895
1.91474
1.81888
1.69426
1.63209
1.57438
1.4324
1.34926
1.29762
1.22221
1.17304
1.09926
1.06796
1.0266
0.971159
0.921321
0.915814
0.888834
0.843691
0.821225
0.801706
0.788384
0.761775
0.757735
0.753651
0.745552
0.717085
0.733233
0.719988
0.689634
0.701993
0.712213
0.692391
0.700488
0.700401
0.699601
0.722479
0.717093
0.741997
0.728789
0.734935
0.754928
0.774807
0.795126
0.801563
0.803801
0.851066
0.858891
0.884686
0.897941
0.931699
0.927765
0.970791
0.979738
0.999751
1.0245
1.05466
1.09491
1.09427
1.11312
1.13218
1.14039
1.1758
1.21105
1.19643
1.22383
1.23812
1.23267
1.259
1.2572
1.24953
1.26551
1.25712
1.26487
1.27827
1.2659
1.26084
1.24878
1.22368
1.21481
1.21362
1.20248
1.16967
1.15868
1.13319
1.13119
1.11961
1.09731
1.07414
1.06117
1.06653
1.04521
1.03461
1.02407
0.991211
0.996675
0.997179
0.983281
0.96715
0.959896
0.951667
0.944718
0.938202
0.942286
0.931882
0.918253
0.923185
0.926695
0.919381

