0
0
0
0
0
0
0
0
0
0
0
0
0
0
0
0
0
0
0
0
0
0
0
0
0
0
0
0
0
0
0
0
0
0
0
0
0
0
0
0
0
0
0
0
0
0
0
0
0
0
0
0
0
0
0
0
0
0
0
0
0
0
0
0
0
0
0
0
0.000194891
0.00132526
0.00533573
0.0196768
0.0575872
0.159121
0.305143
0.583157
0.893816
1.22489
1.56429
1.95448
2.22064
2.39943
2.58991
2.63803
2.70724
2.64028
2.54304
2.56922
2.43232
2.31788
2.12759
2.01548
1.92832
1.78478
1.73399
1.60612
1.51968
1.42922
1.37377
1.29004
1.23181
1.16399
1.13068
1.0613
1.01981
0.96434
0.923982
0.906792
0.867938
0.839344
0.816432
0.792806
0.747487
0.758155
0.730322
0.730138
0.718264
0.728876
0.695135
0.705003
0.689067
0.705896
0.688629
0.697008
0.697597
0.713117
0.715945
0.713366
0.710669
0.72591
0.75494
0.738266
0.765711
0.76398
0.803366
0.814015
0.842967
0.859918
0.888497
0.884827
0.91397
0.927771
0.948977
0.98518
1.01053
1.0131
1.03362
1.05054
1.06435
1.10266
1.11946
1.14764
1.16103
1.17471
1.19308
1.20214
1.21091
1.24959
1.2568
1.25864
1.26498
1.2651
1.27036
1.26229
1.26967
1.27637
1.25449
1.26309
1.23062
1.22047
1.20855
1.18754
1.17215
1.16505
1.15003
1.12969
1.12634
1.10759
1.09642
1.08367
1.05567
1.03805
1.05487
1.02842
1.00967
0.999184
0.988787
0.993927
0.962383
0.96389
0.951958
0.965457
0.93455
0.939741
0.952995
0.939108
0.921782
0.915917
0.927113
0.919795

