0
0
0
0
0
0
0
0
0
0
0
0
0
0
0
0
0
0
0
0
0
0
0
0
0
0
0
0
0
0
0
0
0
0
0
0
0
0
0
0
0
0
0
0
0
0
0
0
0
0
0
0
0
0
0
0
0
0
0
0
0
0
0
0
0
0
0
0
0.000389783
0.000946617
0.00423178
0.0211079
0.0542816
0.164369
0.340567
0.579627
0.921631
1.28488
1.61297
1.92482
2.24562
2.41581
2.59206
2.70191
2.63808
2.62827
2.59059
2.48334
2.37826
2.22038
2.15305
2.05928
1.95482
1.81072
1.72334
1.61084
1.52518
1.42787
1.35727
1.29688
1.21615
1.15396
1.10291
1.0298
1.0003
0.975432
0.923417
0.898563
0.837409
0.827522
0.815683
0.769194
0.771332
0.757587
0.750411
0.744328
0.72325
0.726491
0.708876
0.712495
0.706387
0.710294
0.695149
0.691732
0.687449
0.70853
0.709716
0.705546
0.727726
0.739379
0.733354
0.756459
0.783369
0.803388
0.810392
0.809184
0.843016
0.870317
0.871668
0.903436
0.889278
0.931333
0.946364
0.975188
0.984336
1.02519
1.04968
1.07139
1.07111
1.10159
1.12503
1.13473
1.16382
1.17429
1.19388
1.2265
1.22928
1.25479
1.23675
1.25662
1.27396
1.28151
1.27368
1.26226
1.27987
1.25884
1.26702
1.23365
1.22852
1.21388
1.19131
1.17255
1.16108
1.16238
1.1597
1.13242
1.12203
1.09813
1.08291
1.074
1.04369
1.02703
1.01553
1.02078
0.977834
0.977179
0.982871
0.961412
0.955228
0.961777
0.945129
0.951069
0.953355
0.94614
0.948789
0.956263
0.931184
0.941519
0.945007
0.934776

