0
0
0
0
0
0
0
0
0
0
0
0
0
0
0
0
0
0
0
0
0
0
0
0
0
0
0
0
0
0
0
0
0
0
0
0
0
0
0
0
0
0
0
0
0
0
0
0
0
0
0
0
0
0
0
0
0
0
0
0
0
0
0
0
0
0
0
0
0
0.00132526
0.00478376
0.0237911
0.0694179
0.177065
0.342215
0.588451
0.894754
1.22428
1.6192
1.94537
2.1982
2.42655
2.57003
2.65259
2.69046
2.63815
2.54561
2.49743
2.41539
2.27233
2.15294
2.04289
1.91207
1.82442
1.71249
1.63259
1.55268
1.43519
1.3536
1.28912
1.23335
1.17375
1.10587
1.03859
1.01018
0.96968
0.940188
0.874664
0.872055
0.841937
0.818155
0.79435
0.783977
0.76284
0.74204
0.744465
0.735243
0.703109
0.706988
0.7002
0.704246
0.717666
0.685764
0.701205
0.712052
0.704233
0.715545
0.697445
0.735203
0.724656
0.733192
0.757675
0.766232
0.764237
0.801394
0.79987
0.815433
0.849373
0.863659
0.879939
0.886545
0.923614
0.971449
0.978163
0.991519
1.02632
1.03749
1.07946
1.0979
1.09349
1.13117
1.11681
1.14758
1.17537
1.19231
1.21946
1.21815
1.24229
1.25411
1.25429
1.26274
1.26363
1.27739
1.25589
1.24479
1.25086
1.26016
1.23708
1.24221
1.23903
1.2134
1.19683
1.18121
1.17687
1.15036
1.14513
1.12767
1.11308
1.10684
1.10204
1.07083
1.06384
1.03807
1.03349
1.03035
1.00003
0.995991
0.979491
0.991877
0.972956
0.958888
0.962116
0.949999
0.940572
0.941223
0.932073
0.915292
0.914159
0.909172
0.921104

