0
0
0
0
0
0
0
0
0
0
0
0
0
0
0
0
0
0
0
0
0
0
0
0
0
0
0
0
0
0
0
0
0
0
0
0
0
0
0
0
0
0
0
0
0
0
0
0
0
0
0
0
0
0
0
0
0
0
0
0
0
0
0
0
0
0
0
0
0
0.00132526
0.00478376
0.0227178
0.0744633
0.170801
0.339249
0.583317
0.907723
1.25854
1.64428
1.97098
2.26439
2.46221
2.54141
2.66216
2.68406
2.64166
2.53632
2.47665
2.36285
2.21182
2.13753
2.05251
1.9218
1.79879
1.73829
1.62598
1.53127
1.45385
1.37179
1.28672
1.20936
1.19177
1.09525
1.07897
1.01847
0.949469
0.94309
0.887484
0.885494
0.857649
0.839275
0.816859
0.767719
0.780942
0.74776
0.731715
0.722037
0.706156
0.692986
0.699431
0.673007
0.691276
0.689786
0.682978
0.70332
0.682112
0.703315
0.703071
0.728169
0.727001
0.732817
0.734723
0.745969
0.769368
0.803922
0.802659
0.83963
0.849712
0.875672
0.894836
0.900628
0.950333
0.956813
0.980295
1.02113
1.03271
1.03741
1.07589
1.10387
1.10413
1.14135
1.13577
1.18242
1.19486
1.20319
1.2029
1.23051
1.25534
1.25316
1.25946
1.27697
1.24869
1.25838
1.25723
1.27578
1.25173
1.24941
1.22466
1.22566
1.21102
1.21327
1.19742
1.17857
1.15804
1.12651
1.12885
1.1058
1.09241
1.08804
1.06156
1.05724
1.0441
1.01613
1.03328
1.01456
1.00227
0.995886
0.989635
0.977748
0.982048
0.957225
0.961069
0.954318
0.947972
0.927009
0.930685
0.924292
0.920395
0.91277
0.938222

