0
0
0
0
0
0
0
0
0
0
0
0
0
0
0
0
0
0
0
0
0
0
0
0
0
0
0
0
0
0
0
0
0
0
0
0
0
0
0
0
0
0
0
0
0
0
0
0
0
0
0
0
0
0
0
0
0
0
0
0
0
0
0
0
0
0
0
0
0
0
0.00496775
0.0237911
0.0718536
0.163184
0.343698
0.590055
0.909442
1.25154
1.64072
1.98487
2.2212
2.49732
2.58279
2.63239
2.63142
2.69244
2.60342
2.43795
2.36916
2.26708
2.14736
2.01417
1.90523
1.77369
1.67409
1.57223
1.50495
1.41825
1.35473
1.25448
1.22439
1.18556
1.09778
1.05703
1.03288
0.964504
0.927771
0.933935
0.866928
0.857725
0.822648
0.80303
0.792575
0.760356
0.74497
0.720198
0.73275
0.714966
0.713044
0.705323
0.685163
0.697037
0.69911
0.700905
0.706801
0.718807
0.719945
0.715897
0.732323
0.740143
0.760954
0.755612
0.768524
0.783889
0.797299
0.829007
0.846403
0.861272
0.873289
0.904141
0.931759
0.949283
0.967036
0.995794
1.02051
1.02424
1.05577
1.065
1.08343
1.0806
1.13271
1.14884
1.15246
1.16753
1.17818
1.18671
1.21677
1.20719
1.22863
1.22941
1.24506
1.25511
1.26191
1.24662
1.26105
1.25978
1.23097
1.2377
1.22469
1.22467
1.18578
1.18775
1.18853
1.17304
1.15303
1.11677
1.13368
1.09006
1.07903
1.08217
1.06244
1.04862
1.0342
1.02871
1.00583
1.00593
0.987472
0.975693
0.977773
0.962923
0.966095
0.967452
0.947087
0.940449
0.943761
0.929058
0.932984
0.936713
0.925883
0.924712

