0
0
0
0
0
0
0
0
0
0
0
0
0
0
0
0
0
0
0
0
0
0
0
0
0
0
0
0
0
0
0
0
0
0
0
0
0
0
0
0
0
0
0
0
0
0
0
0
0
0
0
0
0
0
0
0
0
0
0
0
0
0
0
0
0
0
0
0
0
0.00113594
0.00515174
0.017888
0.0636765
0.154212
0.339084
0.555242
0.904442
1.22855
1.59071
1.96881
2.19185
2.48066
2.61356
2.64459
2.6733
2.65004
2.56859
2.46076
2.39881
2.28477
2.18096
2.06987
1.93003
1.77902
1.69016
1.62487
1.47176
1.45981
1.36152
1.28672
1.19795
1.16842
1.08759
1.05285
1.03372
0.972474
0.930271
0.898404
0.866617
0.850251
0.809691
0.804943
0.767502
0.759575
0.737995
0.747893
0.719611
0.71331
0.730432
0.709549
0.719046
0.698338
0.708617
0.714876
0.67972
0.685421
0.704573
0.702846
0.706958
0.735671
0.75843
0.755084
0.772795
0.770805
0.803366
0.817053
0.8412
0.856193
0.87634
0.90212
0.911514
0.9433
0.968792
0.967682
1.01167
1.03647
1.04435
1.05126
1.06294
1.10572
1.11219
1.13155
1.15769
1.19435
1.19063
1.21738
1.22304
1.2417
1.24829
1.25968
1.24488
1.26086
1.25315
1.24676
1.24206
1.25567
1.25261
1.21276
1.21635
1.21238
1.2083
1.1825
1.17906
1.15503
1.13967
1.14343
1.10139
1.09816
1.09327
1.07942
1.05334
1.05204
1.0286
1.03542
1.02724
1.00399
1.00412
0.989115
0.989741
0.983296
0.980836
0.963911
0.960092
0.96248
0.954591
0.95344
0.935921
0.919762
0.935352
0.925217

