0
0
0
0
0
0
0
0
0
0
0
0
0
0
0
0
0
0
0
0
0
0
0
0
0
0
0
0
0
0
0
0
0
0
0
0
0
0
0
0
0
0
0
0
0
0
0
0
0
0
0
0
0
0
0
0
0
0
0
0
0
0
0
0
0
0
0
0
0.000194891
0.000946617
0.00294385
0.017888
0.0661122
0.158275
0.337107
0.545456
0.859439
1.23342
1.54975
1.92902
2.1951
2.38126
2.52246
2.68945
2.64961
2.64178
2.57274
2.51726
2.41434
2.25589
2.1679
2.0145
1.88257
1.83321
1.70389
1.65876
1.53618
1.4525
1.3634
1.32071
1.22384
1.19568
1.12728
1.08119
1.05139
0.995972
0.957684
0.906872
0.874074
0.844378
0.824296
0.789937
0.780147
0.766602
0.743924
0.744054
0.714288
0.709799
0.728609
0.703466
0.703427
0.703666
0.696977
0.703963
0.675237
0.70702
0.711487
0.726867
0.70297
0.738561
0.717888
0.751117
0.765086
0.76398
0.792042
0.809483
0.836243
0.843569
0.862705
0.886048
0.917074
0.933297
0.946815
0.98327
0.99257
1.01258
1.02872
1.05655
1.07041
1.10986
1.10767
1.14083
1.15466
1.16086
1.17055
1.18671
1.20225
1.22806
1.24392
1.25551
1.26707
1.26384
1.25006
1.25599
1.27656
1.24849
1.24598
1.22648
1.22785
1.22397
1.20969
1.22923
1.20528
1.17842
1.17393
1.15326
1.13274
1.11552
1.09817
1.09528
1.07535
1.0662
1.04169
1.03692
1.017
1.01694
1.01006
0.990156
0.98673
0.99035
0.964936
0.951767
0.946914
0.952686
0.944825
0.940902
0.914582
0.927499
0.918061
0.901046

