0
0
0
0
0
0
0
0
0
0
0
0
0
0
0
0
0
0
0
0
0
0
0
0
0
0
0
0
0
0
0
0
0
0
0
0
0
0
0
0
0
0
0
0
0
0
0
0
0
0
0
0
0
0
0
0
0
0
0
0
0
0
0
0
0
0
0
0
0.000194891
0.00132526
0.00809559
0.0180669
0.0715056
0.156751
0.296246
0.571446
0.893816
1.18622
1.58418
1.88127
2.19284
2.39998
2.54006
2.62216
2.68278
2.66142
2.61259
2.49516
2.38071
2.30258
2.13764
2.05425
1.94381
1.81323
1.74526
1.62066
1.52371
1.43788
1.37509
1.28792
1.21162
1.18458
1.11579
1.05669
1.03246
0.978061
0.938817
0.894052
0.885649
0.868174
0.825719
0.799867
0.787806
0.777322
0.755433
0.750977
0.746293
0.722981
0.711286
0.713712
0.710858
0.69555
0.699354
0.690533
0.694293
0.700807
0.693315
0.698627
0.728336
0.720621
0.737112
0.726367
0.771284
0.772498
0.79093
0.801414
0.837323
0.848502
0.870524
0.894272
0.901879
0.923797
0.964559
0.985357
0.988847
0.995
1.04333
1.05622
1.06219
1.07778
1.12939
1.13099
1.15038
1.16649
1.16657
1.19802
1.2223
1.22555
1.24046
1.26726
1.25717
1.27338
1.26191
1.27683
1.27122
1.24525
1.24631
1.25015
1.22585
1.22082
1.20956
1.19518
1.19133
1.18289
1.17586
1.13936
1.14129
1.11886
1.09335
1.08532
1.06381
1.05565
1.0541
1.02842
1.03304
1.01399
1.00454
0.988023
0.979395
0.979348
0.971185
0.963388
0.948395
0.9489
0.944825
0.938485
0.918063
0.924943
0.920313
0.928917

