0
0
0
0
0
0
0
0
0
0
0
0
0
0
0
0
0
0
0
0
0
0
0
0
0
0
0
0
0
0
0
0
0
0
0
0
0
0
0
0
0
0
0
0
0
0
0
0
0
0
0
0
0
0
0
0
0
0
0
0
0
0
0
0
0
0
0
0
0
0.00113594
0.00275986
0.0239699
0.0671561
0.142024
0.309262
0.598237
0.869127
1.24712
1.60584
1.88865
2.21034
2.48341
2.541
2.61705
2.68342
2.65967
2.55783
2.47928
2.34884
2.24481
2.15718
1.99527
1.942
1.79053
1.69262
1.62728
1.51723
1.44327
1.34955
1.30113
1.23063
1.15813
1.12894
1.07667
1.04201
0.969927
0.960667
0.906713
0.896214
0.869775
0.836654
0.816638
0.785205
0.8038
0.770779
0.745151
0.733963
0.73391
0.71083
0.712943
0.706198
0.69648
0.70295
0.711278
0.694824
0.720432
0.717259
0.72636
0.72385
0.738343
0.745865
0.749055
0.767898
0.769727
0.796592
0.790655
0.82628
0.854113
0.860607
0.863821
0.889417
0.914845
0.932494
0.974122
0.977066
1.0004
1.01815
1.02848
1.06916
1.10613
1.1107
1.12469
1.14385
1.1687
1.16787
1.19998
1.20486
1.23215
1.23653
1.23132
1.25337
1.24522
1.2493
1.27974
1.25845
1.24766
1.24888
1.25914
1.26289
1.22868
1.21076
1.20588
1.18699
1.17581
1.16147
1.1546
1.13213
1.12411
1.09984
1.08572
1.08686
1.07011
1.0454
1.04417
1.02469
1.01627
0.996412
0.984693
1.00047
0.989102
0.984994
0.971318
0.970112
0.957058
0.956234
0.93102
0.929668
0.928718
0.925349
0.915613

