0
0
0
0
0
0
0
0
0
0
0
0
0
0
0
0
0
0
0
0
0
0
0
0
0
0
0
0
0
0
0
0
0
0
0
0
0
0
0
0
0
0
0
0
0
0
0
0
0
0
0
0
0
0
0
0
0
0
0
0
0
0
0
0
0
0
0
0
0.000389783
0.00056797
0.00607169
0.0202135
0.0739413
0.16403
0.32096
0.593103
0.911786
1.27057
1.64369
1.98198
2.23546
2.42958
2.60523
2.59383
2.70007
2.61701
2.62383
2.43675
2.35059
2.26536
2.13742
2.00423
1.88941
1.77944
1.67562
1.60432
1.52371
1.41114
1.32871
1.26704
1.22285
1.15351
1.09403
1.05191
1.02886
0.993672
0.939059
0.912569
0.90406
0.862606
0.850509
0.825245
0.791852
0.779806
0.762199
0.753103
0.721296
0.716423
0.699238
0.722037
0.713126
0.695674
0.699171
0.709359
0.705031
0.707427
0.71223
0.724673
0.724625
0.736653
0.751611
0.733454
0.738833
0.786506
0.794165
0.809682
0.843164
0.851259
0.845781
0.883887
0.901647
0.940102
0.927495
0.993573
0.995942
1.02973
1.0637
1.05727
1.08198
1.0973
1.12738
1.14964
1.16154
1.20033
1.19898
1.20721
1.22704
1.24281
1.24949
1.25529
1.25163
1.26317
1.25141
1.26195
1.26497
1.25146
1.23074
1.22407
1.23075
1.20624
1.18924
1.19848
1.18518
1.17077
1.15252
1.12488
1.10051
1.10707
1.08569
1.07411
1.06533
1.04701
1.0323
1.02839
1.02176
1.00429
0.990233
0.988075
0.974299
0.973873
0.974461
0.957577
0.958118
0.949462
0.944728
0.944826
0.925334
0.923982
0.925999
0.928227

