0
0
0
0
0
0
0
0
0
0
0
0
0
0
0
0
0
0
0
0
0
0
0
0
0
0
0
0
0
0
0
0
0
0
0
0
0
0
0
0
0
0
0
0
0
0
0
0
0
0
0
0
0
0
0
0
0
0
0
0
0
0
0
0
0
0
0
0
0.000194891
0.00113594
0.00570371
0.0137738
0.0638505
0.164877
0.341556
0.562462
0.899598
1.23296
1.59264
1.93785
2.17859
2.42848
2.59354
2.65849
2.66357
2.62977
2.57995
2.52275
2.42497
2.31708
2.18766
2.06802
1.95012
1.82986
1.69334
1.64072
1.54109
1.42807
1.35935
1.30159
1.22647
1.14401
1.09464
1.06207
1.01178
0.945443
0.94301
0.880362
0.864053
0.839344
0.800255
0.785744
0.769887
0.745803
0.739459
0.70258
0.718398
0.704235
0.674491
0.682077
0.663875
0.674116
0.676014
0.696768
0.702258
0.717355
0.690514
0.706334
0.71881
0.723729
0.748604
0.756934
0.7779
0.776193
0.795176
0.831548
0.826771
0.868382
0.882823
0.908229
0.915082
0.957321
0.964018
0.988022
0.999578
1.02986
1.04985
1.0682
1.09732
1.12827
1.14934
1.15322
1.15761
1.20409
1.21404
1.21734
1.22741
1.25512
1.25316
1.27266
1.27385
1.26451
1.29481
1.27091
1.26487
1.25514
1.24113
1.24395
1.22675
1.20971
1.19616
1.19951
1.16852
1.1653
1.14249
1.11879
1.11187
1.08574
1.09263
1.07147
1.05444
1.03491
1.03812
1.02176
1.0001
0.997111
0.982188
0.98152
0.959037
0.957626
0.957502
0.947004
0.930651
0.932243
0.949853
0.920803
0.921071
0.914534
0.926393
0.923103

