0
0
0
0
0
0
0
0
0
0
0
0
0
0
0
0
0
0
0
0
0
0
0
0
0
0
0
0
0
0
0
0
0
0
0
0
0
0
0
0
0
0
0
0
0
0
0
0
0
0
0
0
0
0
0
0
0
0
0
0
0
0
0
0
0
0
0
0
0
0.000757293
0.00551972
0.0193191
0.0652423
0.167754
0.332988
0.58043
0.946945
1.27529
1.64354
1.96707
2.21246
2.42504
2.56519
2.69312
2.68073
2.60363
2.55441
2.47307
2.36168
2.26
2.0932
1.9909
1.91485
1.83059
1.69037
1.60392
1.51193
1.42422
1.38489
1.30445
1.21506
1.15564
1.09577
1.05131
1.00432
0.982498
0.957523
0.929583
0.887125
0.860394
0.798307
0.799058
0.787878
0.748217
0.757526
0.734868
0.732144
0.717748
0.715519
0.706668
0.688878
0.693258
0.700085
0.699407
0.6986
0.700807
0.704915
0.70639
0.715708
0.743578
0.759558
0.756247
0.756803
0.767777
0.801242
0.824076
0.832169
0.855081
0.88454
0.894601
0.924578
0.953987
0.946184
0.986779
0.997694
1.02286
1.05449
1.0814
1.09715
1.11149
1.12346
1.1651
1.15875
1.18446
1.20557
1.18561
1.21983
1.22437
1.2378
1.25878
1.24595
1.2481
1.25221
1.25593
1.23628
1.24312
1.24238
1.23365
1.22208
1.22212
1.19254
1.19316
1.17854
1.14804
1.13531
1.14608
1.10741
1.10338
1.1042
1.07902
1.05542
1.06198
1.03994
1.02923
1.02114
1.01465
0.998384
0.978554
0.973295
0.962312
0.964104
0.960096
0.944594
0.945725
0.95007
0.941046
0.922989
0.927171
0.923306
0.932892

