101.3
83.38
99.96
94.08
121.1
88.74
116.38
77.98
106.12
97.86
103.52
78.38
105.56
98.9
83.88
96.12
114.02
96.34
102.64
128.86
69.84
107.92
93.68
90.88
75.02
112.16
101.92
109.54
88.06
89.98
92.66
99.14
101.66
108.18
98.6
85.86
105.86
94.28
109.78
92.92
103
95.2
114.42
98.08
109.38
123.06
101.7
93.94
89.36
94.72
80.76
111.72
135.94
108.92
82.92
109.24
121.3
110.46
116.26
80.92
121.58
101
79.86
92.02
101.56
103.78
115.42
90.82
98.1
97.76
110.52
139.14
103.26
92.76
85.38
88
95.94
117.62
79.86
94.76
93.8
105.38
106.66
98.32
95.94
98.26
71.58
104.4
95.72
110.42
100.62
85.84
102.14
102.12
92.58
120.08
105.42
99.3
77.8
103.52
