   1.5605398661437058e+00
   1.8543513843445464e-01
   8.2715511954527376e-01
   3.6735100923712050e-01
   7.2418596255148682e-02
   1.3600842011483645e+00
   6.4038114771390275e-01
   8.9600420182487606e-01
   1.9060696340880603e-01
   3.3232699954067413e+00
   4.2701096993726445e-01
   5.3894321908104825e-01
   1.2323443844618653e+00
   1.0032455831930929e+00
   2.8739931515314479e+00
   2.9891407240682283e-01
   4.7570942682995887e-01
   1.5435588173994053e+00
   1.0413034738358848e+00
   1.3806697899625464e+00
   8.5596445727245329e-01
   2.1054340555481503e+00
   2.1947515895228857e+00
   9.6947031692652585e-01
   9.7560727167335881e-01
   4.1442638135026538e-01
   1.8364785922557034e+00
   3.6536239841478996e-01
   1.5947461843829477e-01
   5.6892508815097032e-01
   2.9481063644815833e+00
   6.1714962882148461e-01
   2.3322593749131988e+00
   9.8787047428518504e-01
   2.1119231422243172e+00
   2.1325271463550064e+00
   1.0885189276423024e-01
   2.9425471601387920e-01
   4.1969031619401886e-01
   1.4442786740528308e+00
   1.5727031724093934e+00
   1.8929848528194529e-01
   1.9589169349937048e+00
   5.0973169187338539e-02
   1.3052605420740437e-01
   3.5020149953020158e-01
   7.2738065478526556e-02
   1.3217224840107265e+00
   7.3944838190361661e-01
   5.6759465484241256e-01
   5.9583606417535029e-01
   5.5491531283160256e-01
   1.2204304135476460e+00
   1.1244302437672926e+00
   4.5525603301052087e-01
   2.3111647468455004e-01
   2.0823413486423273e-01
   1.2980390961434018e+00
   4.9454155954564316e-01
   1.9122194489795599e+00
   9.2992701802263567e-01
   5.1120956921168692e-02
   5.5165476124456891e-01
   2.3192762389400898e+00
   5.7186158565494349e-01
   5.7173793993688526e-01
   1.6200175138593296e+00
   1.1336902342791433e+00
   4.4036718905779031e+00
   1.2927280821099389e+00
   1.8695716498076056e+00
   5.1073138038731758e-01
   6.6363748968962588e-01
   1.5424933280619448e+00
   7.2676417733649845e-01
   1.5959747903319148e+00
   2.3013495308418541e+00
   8.0963397922433755e-01
   1.5660708082397434e+00
   3.2537151267211312e-01
   1.7940275105597516e+00
   6.7255383699992208e+00
   1.8426328251874163e-01
   9.3174476466339695e-01
   1.8746604498893343e-01
   1.7012440559694067e-01
   3.7719334600117022e-01
   3.6638428100102938e-01
   6.8599202938943271e-01
   8.9425139534107828e-02
   3.1307326374414746e-01
   7.9360149396086099e-01
   4.0409641639891253e-01
   6.7773199430843856e-01
   1.9456632230897981e+00
   1.4289907210105299e-01
   1.4244547438235661e-01
   9.8385538999275865e-02
   4.5039086250574014e+00
   5.1943157672781504e-01
   1.0917377974586264e+00
   4.2744039754841684e-01
   4.7545876442034513e-01
   4.3180525760386868e-01
   2.4430938311347918e+00
   8.3798030042430541e-02
   2.1010378805056606e+00
   7.5635323617213174e-03
   3.4649755076167428e+00
   1.3840964670367035e+00
   9.8311744049973240e-02
   4.8087016180430281e-01
   6.4347459123627626e-01
   9.3646087538454237e-01
   2.7889304007016114e-01
   7.2341277902092560e-01
   1.8764849234791162e-01
   1.9639442126595474e+00
   3.6235414515372555e-01
   8.4283080006167369e-02
   1.7079616884983371e+00
   5.0898479096605810e-02
   5.5174502767883149e-01
   2.8740570510175210e+00
   4.3470746350711692e-01
   4.9436383703815362e-01
   3.4200066058744233e-01
   6.4151884794897640e-01
   6.9979976938885702e-01
   6.8033177344671536e-01
   1.1183619420129971e+00
   1.0247301823026031e-01
   3.7553233637632949e-01
   7.1963369277712852e-02
   1.3662289960681850e+00
   7.8988692988063181e-01
   3.7985761716962276e+00
   7.6712657971233333e-01
   2.1871171497928708e+00
   8.4231115627986897e-01
   3.1227239836004017e-01
   2.3315245453594116e-01
   1.3124116133230121e+00
   6.9179417909763574e-01
   5.3692328027823155e-01
   1.3825880979720817e+00
   2.3542016597205753e+00
   3.7135260800510963e+00
   1.5159493958103427e+00
   2.2508628038174980e+00
   9.7412056954902315e-01
   4.7845973260305102e-01
   2.2608352581332456e+00
   1.2781842931161466e-01
   9.0273065154447341e-01
   9.3299916004856653e-02
   7.4784992745722545e-01
   2.0300351985788394e+00
   2.7888672254653541e-02
   7.0677677433727648e-01
   3.3189458023300933e-01
   2.7270426095882000e-01
   6.3866848546054678e-01
   3.3841578744805700e-02
   3.9594895096969800e-03
   9.2203023184835442e-01
   1.6495368849433803e-01
   9.1182870109217407e-01
   1.0671334699059702e+00
   7.6549927068472090e-01
   6.3606036771075972e-02
   2.2708141767813417e-01
   1.4896177882039436e+00
   1.0104262849960466e+00
   8.9418536267873250e-01
   2.7111823623066699e-02
   1.0422977074502793e+00
   4.2552046897155449e-01
   1.3218118193055663e+00
   7.8538047337801564e-02
   4.3312807923838464e-01
   1.2142231509102059e+00
   1.9269125240268810e-02
   1.0884149218682164e-01
   7.4684158557451785e-01
   1.1765650184031493e-01
   2.7665739264527772e-01
   8.5282577019069916e-01
   3.9680985417292453e-01
   1.1542664138260537e+00
   1.4219262605799809e+00
   1.6665808957590436e+00
   5.0230686873638797e-01
   6.3020928472656612e-01
   1.1796938919324769e+00
   1.6312050223213512e-01
   1.8796417552322957e+00
   2.6973535160251974e+00
   1.2135039071331404e+00
   2.3490600007385347e+00
   4.1615980287288062e-01
   8.2266033644743308e-01
   1.8058165381003274e-01
   2.9098801981428057e-01
   2.6513430267879414e-02
   8.6960161587396829e+00
   8.3690853773311524e-01
   1.5195545624562612e+00
   2.2494841061340636e+00
   4.0554231226628401e-01
   1.2529844063755713e+00
   4.0326415190301973e-01
   5.3635277723864905e-01
   3.8282577937453793e-01
   2.9774916487534537e+00
   4.8507185745566658e-02
   1.0636512397119353e+00
   1.0298073747331205e-01
   3.9830578936942023e+00
   7.0201763398235487e-02
   1.2294729196641328e-01
   1.9712368066671939e+00
   1.8977098516105512e-01
   2.0740853333741949e-01
   5.4078313345144557e-01
   1.9298689897015062e-01
   1.4967533918437745e-01
   3.2765701461499601e+00
   1.0337978472324318e+00
   4.0147215189281210e-01
   4.9567175527059704e-01
   2.9004588389774916e-01
   1.1251767442583445e+00
   2.2326687315659490e+00
   5.0623906514191952e-01
   3.6661941855716833e+00
   1.6161051599227624e-01
   2.4300571578420156e+00
   2.5846365262776874e+00
   3.8723388378916175e+00
   1.7582046721425271e+00
   1.2839789526815277e+00
   1.5925674692849161e+00
   4.4269439780889158e-01
   8.3657791776152970e-02
   1.3283421522226027e-01
   3.8249914654089145e-01
   3.0684504828682641e-01
   3.2310379611347915e+00
   1.9939621219272352e+00
   7.2474857694228423e-01
   4.5099605794088465e-01
   2.4570873825101804e+00
   1.7145120640593146e+00
   8.3127852623134990e-02
   4.8988096646991020e-01
   7.8377327318485468e-01
   3.8087663456565841e-02
   5.4212607325744122e-01
   3.6127934582158310e+00
   3.7776093451585877e-02
   1.9694955544476522e+00
   9.0209404613326927e-01
   2.5159604508789837e+00
   2.2619583481054080e+00
   1.6335513924466467e+00
   7.3450909579622303e-02
   4.0188079477116229e-01
   4.8276745192379494e-01
   7.2413356262477346e-01
   1.8943512838955864e-01
   1.2558849087113149e+00
   1.4982464850173394e+00
   2.0099588511648189e-01
   2.9535461658039801e+00
   2.8449085570933355e-02
   2.7295908362657331e+00
   1.2540793225495517e-01
   1.2909991864708446e+00
   2.4302702608270108e+00
   2.8772939762374770e+00
   1.8813224998342803e+00
   6.6047007584121492e-02
   2.4551461279907283e+00
   1.1549162564435962e+00
   2.1388018220488011e-02
   2.9537366866027676e-02
   4.1952608157928745e-01
   4.3129404705777134e-02
   1.3070682233531397e+00
   1.3798921888155262e+00
   9.0347722907076355e-01
   1.7334810463944783e-01
   4.9367673495732012e-01
   7.2802661073928340e-02
   3.3176065055785131e-01
   1.0933994217665224e+00
   3.0388858608181624e-01
   1.5852451801582492e+00
   3.2818262519885716e-01
   1.1083253246125642e-01
   2.0247649532030603e+00
   5.6440991248779315e-01
   2.8131661048057759e+00
   2.8639897603956448e+00
   1.0768143821401506e-01
   1.2436660550319325e+00
   1.5768192802953507e-01
   5.8992706734131717e-01
   1.0944038649370127e+00
   2.3389421104350849e-01
   9.3960309828211042e-01
   7.2305084384858787e-01
   8.9262927514169177e-01
   3.5025885820720221e-01
   2.1182887676379858e+00
   1.0829365538609141e-01
   9.8002915306659402e-02
   5.6082984272109992e-01
   2.2355743332724201e+00
   2.5609435300098299e-01
   1.3928995691725861e+00
   3.0477770240532781e-01
   8.2812335479172416e-01
   1.5422016151931059e+00
   1.0426687952960417e-01
   5.9535565820158942e-01
   2.4803515425141005e+00
   5.3086962345860489e-01
   1.2634302513564200e-01
   1.7071224250799522e-01
   8.3354631897347053e-01
   4.4109979866464488e-01
   1.7634031722388779e+00
   3.5951746026675407e-01
   2.8030809449157625e+00
   1.2102597155679827e-01
   1.8894747734716649e-01
   3.0670845026033411e-01
   9.3675558259737890e-01
   1.9622822447699235e+00
   1.4441580567367922e+00
   6.7141231101155763e-01
   3.4033126066049502e-01
   8.4852178806199177e-02
   1.1502243057100032e+00
   1.4285585084738939e+00
   1.0883321314570096e+00
   1.7817551832067084e+00
   6.3590387829520312e-01
   1.8220479600063244e-01
   1.5111380545941222e-02
   2.4074102251128457e+00
   1.3875577613229058e+00
   1.7077102153256667e+00
   1.9159129632624852e+00
   4.2425727091369954e+00
   6.7852695239142580e-01
   2.5697598805272731e-01
   2.2235871137020299e-01
   1.8646960114537145e-01
   1.6859511705343657e+00
   2.3277451893389340e+00
   1.0596516234534083e-02
   2.0320158058157851e+00
   5.8028362676289813e-01
   2.6897535124264438e-01
   3.7476524825733853e-01
   2.0741911504999648e+00
   5.9991998974091332e-01
   3.5195054268281694e+00
   7.4300597015839506e-02
   9.2324884845205435e-01
   1.6204135286231689e+00
   1.2502165889495656e+00
   7.9787205605693901e-01
   1.4718519830396209e-01
   2.4201681394026320e-01
   1.7212723157851799e+00
   3.0737719342680538e+00
   3.5751849604251273e-01
   7.4766068877206004e-01
   1.2888511973369079e+00
   7.9859153378410364e-01
   4.7251938508745989e-01
   4.1538296023582150e-01
   3.6185962479845057e-01
   9.8940038636141925e-02
   3.1221309976555123e-01
   2.3785612536546803e+00
   3.0443821074400607e-01
   5.3891547485480118e-01
   2.4625964412929124e+00
   8.5226509341973222e-01
   9.6464135012067409e-01
   3.6555590261343968e-01
   8.8437573056913354e-01
   1.6934323135515890e+00
   5.1619500955026587e-01
   5.9902761973754037e-01
   3.8501199206391745e-01
   2.8100431113281270e+00
   5.8221093273611468e-01
   1.2700028637052699e-01
   2.0142915413746693e-01
   1.7027125838458606e+00
   1.2045074686280459e+00
   7.2134570311346091e-01
   4.2759342465973132e-01
   1.2648598170702807e+00
   8.8744428088495336e-02
   3.1122202164267454e-01
   3.8104149918459447e+00
   2.3527897087920080e-01
   1.6215007454514230e+00
   5.6829864276105946e-01
   1.8188806192738582e+00
   5.5436536022554661e-01
   5.8194469506679647e-01
   6.7184794480713883e-01
   2.7071743332754278e-01
   7.3919028214339977e-01
   1.4690606807934483e+00
   4.5140325551599919e-01
   5.1242576003425211e-01
   1.0431995709192346e-01
   2.4752697905873111e+00
   3.6182530106768979e-01
   1.1918018656911500e+00
   7.4129060685631565e-01
   6.4802699360890684e-02
   7.2425400730448253e-01
   3.1311048986549456e-01
   1.0588958310586065e+00
   9.4632700594027036e-02
   2.6031101390173532e+00
   8.8205051610932572e-01
   2.9989396264341833e-01
   1.1448795746338440e+00
   1.9412402269998982e-01
   1.5365170564181121e-01
   9.5748343226294685e-01
   4.0725948483839591e-01
   4.4465895258133870e+00
   1.5911933789170804e-01
   1.9548909090710784e-01
   5.7177627674631315e-01
   5.4985973313445924e-01
   5.0787338883989985e-01
   2.5596288564557174e-02
   1.0360128129067424e-01
   2.5783371824738982e-01
   1.3450899497435600e+00
   2.0402961052981725e+00
   1.6712539650315783e+00
   5.9471498585639671e-01
   6.9590010222672216e-01
   1.4827950028367634e+00
   1.1362477117384272e-01
   1.6337642513769579e+00
   1.5968190853739803e-01
   6.3304366250285871e-01
   5.6299228045867922e-01
   2.4905424859801615e+00
   3.8123381693029113e+00
   2.1415607061740133e-01
   2.1020692046244807e-01
   5.5264500114867932e-01
   2.0137470114171754e-01
   2.7969217789437267e-01
   7.9914077331171240e-01
   3.0210865374561369e-01
   1.5966789357796631e+00
   1.9066115873388040e-01
   3.2303825505626529e+00
   2.3982484867699614e+00
   2.0157542745312779e-01
   5.6566217033345567e-01
   9.4958092685576267e-01
   3.9556987746391420e-01
   7.2974646476228822e-01
   8.9693733498729489e-01
   9.6661439156208950e-02
   5.1288409261304435e-01
   7.2529246360781818e-01
   1.8567108951906119e+00
   3.5053942496785107e-01
   3.5364767936974073e-01
   4.5375914066980043e-02
   4.3413175469665477e-01
   4.9987498808186548e-01
   1.9225855786834234e+00
   1.1468359923814984e+00
   3.3302772019959209e-01
   5.0324970795844748e-02
   3.4845934403686046e-01
   4.3379357505129468e-01
   1.7090545579959717e+00
   5.5724473717164436e-01
   3.5772470985150790e+00
   1.2973629080379709e-01
   3.8552210232956863e-01
   9.1883882041510490e-01
   8.4794040966714612e-01
   2.7385752359936510e-02
   2.8074295699906746e+00
   2.2292205717471241e+00
   3.1849514502115611e-01
   3.9221809877794656e-01
   6.0435533283828746e-01
   5.0804459657678924e-01
   1.3177645135178253e+00
   3.7091642657460988e+00
   1.8131027753146476e+00
   6.8455480218443499e-01
   5.5088592057099750e-01
   4.3243921747834224e-01
   2.3545860301560190e-01
   6.2660595587455481e-01
   1.9592557321916657e+00
   1.6455685644735438e-01
   1.8122919829670192e-01
   7.7917893427449259e-01
   7.4942690575168180e-01
   4.4377633696628482e-01
   2.2998906620496118e-01
   1.0694772612773362e+00
   4.6787778152114852e+00
   1.0743731291191863e+00
   2.3346362513642579e-02
   3.3105989903297961e+00
   7.2434070189001776e-01
   2.6927139157815660e-01
   1.2859464587284406e+00
   1.4984128350825989e+00
   1.8921785825394133e+00
   7.2769207618589571e-02
   1.1952315448532242e+00
   3.1332436957229488e-02
   3.7527178443064807e-01
   3.0870909511351687e+00
   1.8104995803713841e+00
   7.9191097289833356e-01
   2.6785932971491211e-01
   4.0134277817540426e-01
   5.0775912502762706e-02
   5.8973562170545701e-01
   2.8519448230245961e+00
   1.2901494854202866e+00
   9.5579782464823781e-01
   2.2854068986165714e+00
   3.0182583032439306e-03
   7.9758243212433966e-02
   1.6741242018717266e+00
   6.9828373917557404e-02
   2.5668445506646065e-01
   8.5565480226557922e-01
   6.3192137089881339e-01
   8.1385967409333304e-01
   3.5880444035719578e-02
   1.3479606113664278e+00
   9.1574235563048312e-01
   4.4004002824777624e+00
   2.9779225280944077e-01
   5.7986494399174404e-01
   1.5187800776932875e-01
   5.2908774962515703e-01
   1.2995554711156471e-01
   3.2679353652960585e-01
   2.4144062292945163e+00
   1.9705071628265977e-01
   3.4984178328285381e-01
   4.6314772114795350e-01
   5.5015816741467949e-01
   9.8600018690385138e-01
   1.8208932395903957e-01
   2.1814159817048591e+00
   2.5551211695071911e+00
   5.9402256946436804e-01
   2.9697556830540400e-01
   3.2546407756746989e+00
   1.0527029949382938e-01
   5.6092067769524254e+00
   9.9117350848815422e-01
   7.7999758029607047e-01
   4.4340242246538336e-01
   2.5189485011927841e+00
   6.2849655552939199e-01
   9.1243462951354781e-01
   2.0236776556391300e-01
   6.6622013642931688e-01
   9.6635849249190620e-01
   1.3020042644649028e+00
   2.4758200101347791e-01
   1.4905292553048854e+00
   1.7357853392847153e+00
   9.9616296263054904e-01
   3.3938136800681216e+00
   6.4201461494010459e-01
   8.2108347681393112e-01
   2.2978194900641258e-01
   1.1120257295380445e+00
   6.4159262119564808e-01
   6.0050624242000659e-02
   6.6123634555327535e-02
   2.8037627374796816e+00
   1.0130190249381883e+00
   1.7324762386633241e+00
   1.6970990809504108e-01
   2.0530081639622253e+00
   2.0512483824178199e-01
   2.6754265067795890e-01
   2.1275321536407565e+00
   1.0899567292856327e-01
   4.0542428751775894e+00
   3.1051787428743877e-01
   8.5830639954336885e-01
   3.2972808557234209e-02
   1.0702349629771741e+00
   1.8602594145432905e-01
   8.8529750771192706e-01
   1.2867874354158482e+00
   4.2386440348506742e+00
   7.9959642244531795e-02
   2.9258858397606713e-01
   6.9264758419127415e-01
   2.7662814836466770e-01
   2.6194862582028979e+00
   9.2479391718366263e-02
   6.5463494868570116e-02
   3.7797965695333946e-01
   1.7712465885710231e+00
   2.1182000574094625e-01
   1.5789205165786277e-01
   3.8250503254801949e-01
   5.6293365681910866e-02
   6.7788098825530096e-01
   1.3796156462737028e-01
   1.3451770012478464e-01
   2.1662770352103375e-01
   1.7060128083707715e+00
   1.9686533460090074e+00
   1.7367234564964353e+00
   1.2962995082318165e+00
   2.9725035380039451e+00
   3.7597290760784166e+00
   5.0156071923643908e-01
   2.0140623748779454e-01
   1.9301878727268056e+00
   5.5617292052834566e-01
   1.4411426574187935e-01
   6.0609292375179202e-01
   1.2583998651024969e-01
   9.4725048957277824e-01
   3.1067027148915211e-01
   4.4711308152208179e-01
   1.7784047073807077e-01
   8.6575835210508956e-01
   4.4646919319237637e-03
   7.6602586009220863e-01
   4.7256759034781748e-01
   2.3597465223947678e-02
   2.3778434064579086e+00
   2.9286958299998553e+00
   6.0362193916550055e-01
   7.4461198964471964e-01
   1.6717710483961243e+00
   2.2270073446039991e+00
   4.4114850551316126e-01
   4.9064945360200690e-01
   1.6725151825393765e+00
   2.1430974121688098e-01
   2.0805011979865884e-01
   1.2729902454928919e+00
   1.7073252410033570e+00
   6.5870868954914752e-01
   2.6186915883892192e+00
   4.8490613231222097e+00
   8.0477020737007687e-02
   3.8559194546346056e+00
   7.6665706901502861e-01
   2.1139592460298523e-01
   1.1410608581890049e+00
   2.6260925821944072e+00
   2.3633768191792151e-01
   2.3295659173589494e+00
   8.7876420493185736e-01
   2.2779070570848485e-02
   1.3029710371402130e+00
   2.0876415212440677e-01
   2.7274227794767891e+00
   7.6604258351879684e-01
   1.3589499425402480e+00
   2.6033788339040527e+00
   8.9832149219099044e-01
   9.8824871426196614e-01
   1.1212737914558171e+00
   6.3043598035812975e-01
   1.1571967871998128e+00
   4.6857557510407838e-01
   4.7246080392650963e-01
   2.3010634257688349e+00
   1.2132975921062148e+00
   4.7719794309489005e-01
   1.9095976893303193e-01
   3.6189059746479497e+00
   2.5030103470647369e-01
   8.4128376584015641e-01
   2.4379297539673946e-02
   1.9108486693479885e+00
   1.1385251562562282e+00
   1.2092976742766450e+00
   9.0679851469225359e-01
   2.6151346280177851e-01
   1.5279373901776376e+00
   6.4402274849944763e-01
   1.9118141876956065e+00
   6.9319705967750916e-02
   1.0873623339323633e-01
   1.1772587130325833e+00
   4.4926568739922584e-01
   2.5150338818717205e-01
   2.4307275970218056e-01
   2.3105046630128330e+00
   1.9742488878699286e-02
   9.1358082071801650e-01
   3.9296942669299911e-01
   1.5955170103220970e-01
   9.2160905412830021e-02
   5.1580633238417398e-02
   1.3040229419138756e+00
   4.2097461186236362e-02
   8.3215860162213884e-01
   3.1610737181871851e-01
   1.2446904042384408e+00
   2.1729398925674842e-01
   1.3645618165775273e+00
   1.6930349869356401e-01
   6.6742606982754227e-01
   3.3299856463973421e-01
   7.8768799338472129e-01
   1.2007741652317296e+00
   1.0403747637284722e+00
   5.8235031767974665e-01
   1.1215665576378391e+00
   5.1811146102773165e-01
   3.1161050916427330e-01
   8.0258794838526226e-01
   2.5649424851757110e-02
   4.7631737429073823e-01
   3.0951611282690494e-01
   5.4746300626091204e-02
   1.7634103143470377e+00
   1.6778086726713626e+00
   2.3067982692521749e+00
   4.4288926148034768e-01
   2.2746563460667151e-02
   4.7379791158198642e-01
   5.3427758241867407e-01
   1.1684388397413852e+00
   7.1832401921848102e-02
   2.4061935186682237e-01
   1.2847262835961277e+00
   2.3844842636363375e-01
   3.9863398949665967e-03
   1.0911658569176965e+00
   1.5185469401826825e+00
   1.1665636381199493e+00
   2.2023312929380925e+00
   1.0190625556950823e+00
   1.5123199874507745e+00
   8.4626913079879584e-01
   4.3775628382577716e-02
   9.8314213043784526e-01
   1.2526524368954783e+00
   5.7617533050626890e-01
   5.1631648256785123e-01
   1.2829990804933167e+00
   3.9820009681497299e+00
   3.7076043718604512e+00
   2.6289167884050185e-01
   1.6054958826560357e+00
   1.1001922881402690e+00
   3.9383056312046261e-01
   3.1791279356449609e+00
   2.3248863565748925e+00
   3.3932668227153746e+00
   7.9892816429325031e-01
   6.0399496382896944e-01
   4.5253289668713331e-01
   1.4703398470798132e+00
   2.2245392233318334e-01
   2.4900362143338409e-01
   1.2409357409442179e+00
   2.0886255425725757e+00
   7.4358271495286410e-01
   1.2840826493884205e-01
   5.6905857549962202e-01
   6.8690581495204961e-01
   1.3599948198126466e+00
   8.6294504128655247e-02
   3.0433938139165173e+00
   1.5137412953781304e+00
   2.8328018800396588e+00
   3.4314896188094965e+00
   1.1553396384498429e+00
   2.3384087568118201e+00
   1.1496693868194088e+00
   2.8975818005051923e-01
   4.3637603585434268e-02
   3.6063502941187275e+00
   2.4153778005762194e-01
   7.2510520224251529e-01
   4.4641205025652514e-01
   5.3953119745552380e-01
   2.7460152601472854e-01
   1.9657371890873860e+00
   3.7398630334208421e-01
   2.0690224103049211e+00
   1.2242479826302302e+00
   3.5541325618450442e-01
   2.0899738537352358e-01
   1.0465369820105370e+00
   1.3535911878874494e+00
   3.2134976282955283e+00
   8.0455934789459804e-01
   1.3829332659424112e+00
   3.7432338417233599e+00
   6.1818539644057358e-01
   3.0305783730791208e-01
   2.3799146702039337e-01
   1.6509092958125358e+00
   2.8164519331630700e-01
   9.2829594716507868e-01
   4.7564562646439912e+00
   2.1409275539902541e+00
   1.7043537325610600e+00
   5.0862212517206695e-01
   1.4860685395068674e-02
   2.5612469486905615e-02
   1.9635008379520078e+00
   3.0970775299251752e-01
   1.9253764257699510e-01
   1.9982135718747379e-01
   5.3089501013514475e+00
   5.1509470304868014e-02
   1.3717140918381013e-02
   7.3335345769807270e-01
   1.0024343798731319e+00
   3.8422044718416704e-01
   9.7014248871817488e-01
   1.6278773481247437e+00
   1.3183758292675010e+00
   3.1197994363068204e-01
   2.2436052999351745e+00
   4.2980299513182013e-01
   9.4069228256863602e-01
   3.1429301834505172e+00
   1.1762391636865928e+00
   6.2773400180957195e-01
   3.4292494197647185e+00
   1.5562326898550281e+00
   1.0848086025631178e+00
   1.3279330871539943e-01
   2.3479866491916646e-01
   5.2421577754280901e-01
   7.9208555667383995e-01
   1.5111242944894510e+00
   1.5663905987187381e+00
   1.4617400411647341e+00
   9.7171512142109384e-01
   1.4759597849363737e+00
   2.1069390831563530e+00
   3.9007594737914653e-02
   8.8358073754791455e-01
   7.3630958579298678e-01
   2.1262074508703628e+00
   2.2238943558863822e-01
   1.2428699556865532e+00
   1.9421660923861928e+00
   8.7101046581955643e-01
   1.2930236402506090e+00
   3.5994244464905273e-01
   2.7134316303025557e-01
   7.1794190732832508e-01
   8.3398879158544292e-01
   1.1463970809845261e+00
   4.7747669253842923e-01
   4.1329563907969522e+00
   1.5807342225713683e+00
   1.4762025347238790e+00
   1.8029242230303657e+00
   1.3967717211550208e+00
   1.4074975739063433e+00
   9.1257737369401029e-02
   6.0678786890341663e-01
   1.1352142745972715e+00
   3.5399198181132713e-01
   7.2611903200456429e-01
   3.9746508454827739e-01
   2.7010223787756504e+00
   1.5326635097250225e+00
   8.3255201033363269e-01
   1.5705423079106331e+00
   3.6652648382001662e-01
   2.8565420655796885e+00
   3.0627009352734360e+00
   5.2040223869439972e-01
   5.1437226381554268e-03
   4.5157867106837907e-01
   4.9454167659361092e-01
   4.9655251000920769e-01
   2.6067045040569390e+00
   5.6599753952706544e-01
   1.7873271985286315e-01
   4.1857610293926744e+00
   2.1548603077139288e+00
   1.9080435661572761e+00
   1.4593966409289774e+00
   4.5721002430276497e-01
   6.4689446169964504e-01
   7.6848459904480371e-01
   2.3272709376547449e-01
   5.2315018484462950e-01
   4.6962985517037126e-01
   9.9205108667180997e-01
   1.8932693413625250e+00
   3.7484319390067478e-01
   1.1844519088281400e+00
   1.0735937488564040e+00
   1.2405873023562159e+00
   6.0201776063670143e-01
   1.5526181708392137e+00
   5.7212660975702967e-01
   2.9556037151324279e+00
   1.3236888150842199e-01
   4.0069344842244414e-01
   2.2320610369694907e-01
   2.9820407391388795e+00
   1.7269646793100890e+00
   1.8773396507972100e+00
   1.2328964313229360e+00
   2.5766682822793285e+00
   1.1752847201119303e+00
   1.8245309629417679e-02
   7.1339010207032194e-01
   1.7413367665195240e-01
   3.1489497055502802e-01
   3.9344879100797683e+00
   6.2000393520402841e-01
   2.5516603523980397e-01
   4.7220839415222454e-01
   1.0436223509039846e+00
   1.2129407909939303e+00
   3.5784027952604380e-01
   3.1391455654772762e-02
   9.5234876342799701e-01
   1.3691250725167863e+00
   8.0368392658756760e-01
   1.1672368787616607e+00
   9.0371156538034281e-01
   1.5134289055742162e-01
   4.8665958773297762e+00
   1.2728455181012792e+00
   8.0392275684559644e-01
   2.4985230170283351e-01
   9.9078314624254005e-01
   7.6859760701778385e-02
   1.0708457794389956e+00
   2.0081184619521073e+00
   1.9658889340898029e+00
   4.5397331517652573e-01
   5.8345499998455314e-02
   2.2708062438648011e+00
   5.2158811787615618e-02
   2.5978974804718763e-01
   5.1978513050137287e-02
   1.4820202752907874e+00
   1.0740361227593333e-02
   1.3204942089016398e+00
   1.2773291369595989e+00
   8.1918012557735964e-01
   1.1887379921112053e+00
   1.9468674300697735e+00
   3.7822026319315805e-01
   1.6506066145367542e+00
   2.0078133617546983e+00
   9.6548579728899597e-01
   1.3773345902471492e+00
   2.8102784533804401e+00
   1.0798185223890657e+00
   3.3089960488833819e-01
   6.5833554830826380e-01
   4.4521222301997350e+00
   8.1597777071548125e-02
   2.9901287569430246e-01
   1.2736822963578120e+00
   1.7039616503495106e-01
   2.4299272525110130e-01
   1.7279658871985140e+00
