   5.1167390687865442e+01
   8.6343276734115086e+00
  -1.0888790337188907e+00
   1.5574009049653806e-01
  -6.9115794087846458e+00
  -5.0569231710008875e+00
   1.3520172732531914e+00
   5.1046125630434691e+00
  -1.4841188375758352e+00
   2.7429883317890620e+00
  -2.4284512276229151e+00
   5.9272307938858217e+00
   1.9536209659657482e+00
  -1.9453793653515884e+04
   1.4483735260097683e+00
   9.3929681039185542e-01
  -1.2511253031494665e+01
  -2.1905844790186327e-01
  -3.3920583766445300e-01
  -7.9398485127644514e-01
   4.0601441368723439e+00
  -1.1172132580918792e+00
  -3.9195324912110119e-01
  -3.0931540320823574e+00
   1.1302792683879088e+00
   2.1845282776017827e+00
   4.3727401170297266e+00
   3.8705805876509974e-01
  -9.0063028779095222e-02
   2.0045407561174706e+01
  -8.8549330784173608e-01
  -1.3332830746661581e+00
   1.1357851921493394e+00
  -1.5057294654998876e+00
   2.2086244247956861e+00
  -1.0009308436633504e+00
  -1.8284317238776387e-01
   6.1411847278946941e-01
   2.3423176355619138e-01
   1.0368831277469004e+00
   6.1006715090159611e+00
   1.3271863585013530e+00
  -2.4535257536819555e+00
  -1.5521935878823454e+00
   7.7157536985539710e-01
   4.3031074003786307e-01
  -1.4902576858254215e+00
  -3.2505731422127702e+00
   3.8001990303239719e+00
   6.2346271752898974e-01
  -6.9150344487815874e-01
  -2.6388990732169598e-01
  -1.7784112328051779e-01
   1.2902333727209496e+00
   1.1213473171077690e+00
   1.0149622451963187e+00
   2.5545123071505770e+01
  -1.1497876618024983e+00
  -3.9481430746129248e-01
  -5.2752837010741771e-01
  -1.5896848615274821e+00
   1.0162464002703022e+00
   1.6687553101031267e+00
   1.7144786627065696e+00
   1.1850963147719960e+00
  -1.3983036161785733e+00
   1.1328438227072430e+01
   2.2090885974947256e+00
   1.3610022075942974e-01
   3.5083141290875623e+00
  -3.1168984206370780e+00
  -1.6703186798716501e+00
   7.2237613871212025e-01
   2.2045184765205370e+00
   6.6818925599439394e-01
  -1.9980930291125970e-01
  -1.6624418981831668e+00
  -9.2878508730989715e+00
   1.0243427108916687e+00
   7.5431522823602326e-01
  -7.2041654945671425e+00
   8.0693730982362180e+00
  -8.1678126086341851e-01
   9.5296020253668012e-01
   1.1959166048515972e+00
  -5.3787347574717863e+00
   4.1359423559023001e-01
   7.4947273284188594e+00
   3.3393222191702576e+00
  -2.5666210363503572e-01
  -4.4640150535272998e+00
  -2.6063623621725314e+00
   2.3827530418948046e+00
  -2.3504831467606735e-01
  -1.4262335035904849e+01
  -3.1704482734212296e+00
   7.7595004106280319e-01
  -1.4266707684343218e-02
  -1.9882048838009206e-01
  -1.3339766186598778e-01
  -2.0747713492559132e+00
   1.0146947018529842e+00
  -8.3278878384647692e-01
  -4.4421736635757242e-02
   1.4148053636574706e-01
  -7.0086003207141778e-01
   1.5832729859184256e+00
   1.1499960384140369e+00
   6.9085948944690019e+00
  -2.2493439499135093e+00
   4.4584646654037080e-01
  -2.0302711261929671e+00
  -3.1790804334044283e+00
  -4.6863628524617434e-01
  -1.3606791010957988e+01
  -6.9460478329581390e+00
   2.4382782487427528e+02
   3.3027114098720571e+00
   2.2694884334230600e-01
  -4.0137494395745703e+00
  -3.9532621739871016e-01
  -2.3748256824113110e+00
  -1.0929204937586916e+00
   3.8461290085919203e-01
   1.7692774831222488e-01
  -1.8488600255207617e+00
  -1.0767478055718374e+00
   2.1435354005736627e+00
  -1.1763546767441287e+01
  -1.5710954436074998e+00
   4.1459630692314575e-01
   9.1137611947958042e-01
  -4.2308532218809941e-01
   1.2517255428304706e+00
  -6.3354436007091728e+00
  -1.2032065988152181e-01
  -3.9430110598446350e-01
  -4.6833104669531913e+01
   2.1577327528870724e+00
  -6.7239061870576045e-02
   5.1550927401316027e-01
  -2.4306946286615502e-01
  -2.9561726497374963e+00
   6.4548880793536079e-01
  -2.4037298679095338e+00
  -2.2166836249233813e+02
  -1.4790428931949845e-01
   8.0188877614264797e-01
  -2.1831423187874530e+00
  -9.0481153550472975e+00
   7.1503238608433120e-02
  -1.5821985993432612e+00
   7.4715631811375061e-01
   8.5341970465453365e-01
  -1.0189542751671758e+00
  -7.9577086300367428e-01
   1.3179464412223294e+00
  -1.0935912752090364e-01
  -5.5922206142507425e-01
  -5.8815679752568198e-02
  -9.5873774441796977e-01
   9.7946045289988000e+00
   1.2655021288752765e+01
  -3.4354079092818330e+00
  -4.4378029125384524e+00
   1.2235924458968193e+00
  -9.5621939534677747e+00
   4.8204756260582453e+00
  -5.9553028470705882e-01
   6.3183166593071305e-01
  -1.3526532239479601e+00
  -1.0029593426809573e+00
  -1.0620433232170432e+00
   6.5577910910951553e-01
  -4.3731984880754310e-01
  -3.1690096475672696e+01
  -3.3678842369989921e+00
  -6.4597769144735429e-01
   1.6902897359847799e-01
  -8.8349174022813823e+00
   1.4344260176420753e+00
   1.4143198363828713e+00
   3.1110556674103507e-01
   2.8548563151952950e+00
  -6.7637321061670763e-01
   5.8627969786437495e-01
   2.2836287109495712e-01
   9.2547782672018253e-01
  -9.2946505039675179e-02
  -1.5112991518115191e+00
   6.6456200186857972e-01
   1.3417905592513601e+00
   1.4752263561933625e+00
   7.2946123306634258e-01
  -3.2385251647372795e+00
  -2.0015845979415774e+00
   5.3587121725018805e-01
   1.1469356155391299e+00
   6.8213967913059170e-01
   3.8408119322914951e+00
   6.1805881588071954e-01
  -1.9037098403303289e-02
   1.2364408324138100e-02
   1.9480334063747657e+00
  -4.1758158563509227e+00
  -1.6412471160539537e+00
   1.8032319519951845e+00
  -5.8725352399276447e-02
   4.7286043424212609e+00
   1.5245222500320490e+00
   7.5908022566175593e-01
   2.0137023425851357e+01
  -6.0780196978928236e-01
   1.8426458829329617e-01
   3.6184836604428651e-02
   1.1183539812790120e+00
   6.1659730526568284e+00
  -3.9528784104920184e-01
  -1.0493108408802065e+00
   6.3044352287655592e-01
  -9.0080963675543835e+00
   4.2488771361820428e+00
   6.5699303660651032e-01
   3.4691567333815898e-01
  -7.6582910693349748e-01
  -4.5094889767674545e-01
  -4.9052753854193903e-01
   1.4612357145214834e+00
   1.4805796112669870e-02
   3.9703536256360922e-01
   1.4261854569145090e+01
  -1.2534928853602321e+00
  -6.9689592065412931e-01
  -1.2085434259633372e+00
  -2.8118232289637762e-01
  -8.1424658747550849e-01
  -3.8100366270446190e-01
  -5.7498747042937604e-01
   3.4557402716621155e+00
   1.8259110506363612e+00
  -2.4382916802125214e+00
  -5.5816351445624190e-01
   1.2633424124121345e-01
   7.3611460492366027e-02
  -5.3419204434136991e-01
  -1.5189414434116763e-01
  -4.2173910423438576e-03
  -2.2715567267825163e+00
  -4.2639888475534082e-01
   4.5588298726507248e-01
   1.6288726136373113e+00
  -5.8712033881316028e-01
  -1.0143153847400181e+00
  -2.3898020188747591e+01
   1.3355465443051682e+00
   5.3969237846459406e-01
  -6.8547702843332570e-01
   3.3473277815971603e-01
   1.2059659209863753e+01
   1.3592598547408543e+00
   1.5349975387453996e+00
  -2.9412171824703361e+00
  -3.6449523370327623e-03
   4.7953189551342743e-02
   4.6100301656877973e-01
   2.2060049338084480e+00
   1.2008760094166488e+00
  -1.0642725828841881e-01
  -8.7349485077474831e-01
   2.8941948977881584e+01
  -1.0332371690752535e+00
  -1.4070992035943194e-01
   8.9093706292361474e-01
   1.6792599302891575e+00
  -9.0929056704665767e-01
  -3.3060016178912771e-01
   7.4952822663943550e+00
   1.1967999015259174e+00
   7.2630920039383551e-01
  -1.6492043547897298e-01
   6.8539652560407435e-02
  -1.3257683288138150e-01
   2.5858928657035403e+00
  -5.1754558717120702e-01
  -2.2817092146559537e-01
   5.7668011045176764e+00
  -4.2875477489088549e+00
  -2.4569412021575592e+00
   1.2224375702641592e+00
   8.5236526113361721e-01
   3.8030040200176995e-01
   7.5089548895752090e-01
   4.3429016194553789e+01
  -3.7156021359836283e-02
  -1.8076996622459516e+00
  -1.8793015964771229e+01
  -5.4413225276597359e+00
   1.4750090487679652e+00
  -4.2463757945931230e-01
  -3.3271601301932829e-01
  -1.2756015750462641e+00
  -6.3898352018159699e+00
   1.5238485264288210e-01
  -6.2660061605110497e+00
   1.8401421980014110e+01
   3.0991008982227841e-01
   6.5577943670627109e-02
  -2.2125644143878836e-01
  -5.4597276646334103e-01
   1.3126293312855826e+00
  -4.1483185215550948e+00
  -1.6840772993762581e+00
  -1.2371795770003735e+00
   1.8187402306737291e-04
   5.7529577342090183e+00
  -1.0795253780100211e+00
  -1.3193145158706536e+00
  -5.3345292712916692e-01
  -1.4303597946576869e+00
   2.7648779066846729e-01
   1.0420694641329187e+00
  -1.1708386262246351e+00
  -6.2473141087809957e-02
   9.8983676573888180e-02
   2.8553601036997830e-02
   3.2507080897560864e-01
  -6.0131748194281687e-01
   7.3052895634625109e-02
   2.1323804264921113e+00
  -1.4177248470704146e-01
  -3.1302666031157718e+00
   1.6357156614146970e+00
  -6.4142098855243930e+00
   7.8063423102347407e-01
   1.9629687689100626e+00
   5.0490043049530255e+00
  -6.3477213063527993e-01
  -4.3116913990593106e+00
   8.0036115294073940e-01
  -6.6396213107269919e-01
   2.1884481976680328e+00
  -7.9384535176395197e+00
   1.4350804855172623e+00
  -2.9367701325477351e+00
  -5.7771896783110899e-01
   5.0650135539150591e+00
   1.2510572521582802e+01
  -8.1763534106182867e-01
   1.1079144772551315e+00
  -3.0820174416979951e-01
   2.4055595172840967e+01
   6.7131544845046714e-02
   7.9385569605641038e-01
   1.3307081503741049e+00
   2.8772971132773955e+00
   9.1256727492073297e-01
  -7.9167841546748652e-01
  -2.9719884033168431e-01
  -7.9867294926633456e-02
  -5.8384904686473487e+00
   6.3019459855477611e-01
  -5.0949407995550999e-01
   8.1179140097707847e-01
  -2.6297313460362309e-01
  -1.0606774461204432e-02
  -1.8645266570849495e+00
  -8.1065032383767799e-01
   1.0081415760055699e+00
   8.8100256453349619e+00
  -3.6294441439828433e+00
   2.2216165765681506e+00
   3.2916471504103550e+00
   8.0868063038556148e-01
  -1.5734329702516938e+00
  -1.3720753642559740e+00
  -9.2969867002364071e-01
  -1.2213289910659116e-02
   2.0860945579187096e+00
  -5.8400927457713359e-01
   6.9535372853265676e+00
   3.1588064616340505e-01
   1.9409109063496344e+00
  -1.3165505074070344e-01
  -8.2998408639303078e-01
  -4.0043577527848406e-01
   1.7646598458319949e+00
  -3.2034546784669182e-01
   1.1841479783037674e+00
   2.1302236884835263e-01
  -3.1988254946840797e+00
  -5.3898030335377811e-01
   6.6621551666737631e+00
  -2.4463301669447796e-01
   1.7917753697794663e+00
  -5.4784262182374954e+00
  -2.0338139681522943e-01
  -2.2705554583838827e+00
   1.0506266840478802e+00
  -4.6061623587766570e-01
   6.2585395234142283e-01
   1.2112986691506531e+01
   3.7973411983734484e-01
   5.5305994593357966e+00
  -1.0703272639539447e+01
  -9.3759132384723021e+00
  -6.5289339009570158e-01
  -3.2240138754791849e+00
  -1.2205415444182419e+00
  -9.3765179149949185e-01
  -2.0539326851203499e+00
  -1.0408482161578010e+00
   1.8707562019004815e+00
   9.4770487492120059e-01
  -4.2409872475573968e-01
  -6.0816971507981410e-01
   2.1520965396242514e-01
  -9.3059525739717088e+00
  -8.2231043761570241e-02
  -4.7139378328128800e-01
  -1.8017645027638849e+00
  -8.1490990285842424e-01
   4.7752219095233661e-01
   2.9930156308960115e-01
  -2.1644986974440249e-02
   8.0725507777865069e-01
  -1.4432246251153735e+00
   9.1548370553850633e-01
   3.0751289852316037e+00
   3.0021879005288143e+00
   1.1724694901129411e+00
   1.0989573247647675e+00
  -1.4637728812323481e+00
   1.4414182326677760e+00
  -5.0993038618601307e+00
   7.8971180461830626e-01
   1.0731692780839595e+00
   5.1701623750935274e-02
   1.5428452703614477e+00
   1.0954869248961925e+00
   1.2113118727984309e+01
   1.3579471995845958e+00
   2.3094359403169626e+00
   1.1344676315548352e+00
  -4.4478995509557970e+00
   1.2817267396201271e-01
   3.2772047693444845e-01
  -6.8767179771077895e+00
  -2.1694846669982001e-01
  -5.9957639497527049e-01
  -4.3138666128775336e+00
  -1.1423398548285812e+01
   2.3002198771279666e+01
   4.6379622512854199e+00
   2.7553172940335067e+00
   7.8141918642716730e+00
   2.6600213344719663e+01
   1.6415452351633482e+00
  -9.5109724299240461e-01
  -4.2347586486874472e-01
  -9.3461937259102423e-01
  -3.1619034509256654e+00
   1.9137569710161359e-01
   3.5272397347689999e-01
  -8.2335951560587295e-01
  -3.9394078181334491e-01
  -5.8784527985576446e+01
  -4.1459579159933062e+00
  -1.1396310004612042e+00
   1.7346417264589228e-01
   4.9962726606275981e-01
  -6.4321145871596086e-01
  -7.0011572452923521e-01
  -3.6912954780348302e+00
  -1.5378760993404370e+00
  -8.8007023671840245e-01
  -1.3017787130154495e+00
   2.6546619066484571e+00
   1.1813482030716142e-01
  -5.4140181788976172e-01
   9.4932243963359519e-01
   2.7852186900176934e-01
  -1.0192801687001316e+00
  -1.8379498894425028e+00
   2.0929238434901436e+01
   6.9491394758020970e+00
  -2.3461343207411072e+00
   3.3246758249619242e+00
  -3.4064565601299701e-01
  -2.9298241400391363e+00
   2.7214446506485779e-01
  -6.9126388591464383e-01
   2.2483456074249650e-01
   2.9410373320369798e+00
  -9.6301220115869335e-01
  -1.1397182664948970e+00
  -1.4743250610152800e+00
   4.3862572815114709e-01
  -8.1277419985187976e-02
   3.4177406976001588e+00
   3.3739775849905103e+00
   1.9855822940302184e+00
  -1.4532989553028899e+00
   3.6323217430932475e-01
   4.2859541617754637e-01
   2.6388775507055418e-01
   7.1986625573012186e-01
  -4.3241358239954369e-01
   7.5122110783569196e-01
   8.5155846353202769e+00
   4.8793848619028503e-02
  -1.0939043623517084e+00
  -1.6942682256918167e+00
   4.0542125030025550e-01
  -4.0449262133740022e-01
  -3.3752044605369589e+00
  -4.3678129199374052e+00
   3.1747654966353939e-01
  -1.6965468728741075e+00
   1.2207227984913727e+00
  -2.3434224092537823e-01
   4.0688322495495095e+00
  -4.4252588769037722e+00
   1.5604949690490448e+00
  -1.9462981445737919e+00
  -6.6012355890530883e-01
   2.7794503946660973e+02
  -1.0643794812388359e-01
   4.8058636936373611e-01
   2.4818092982618867e-01
   7.5002241529659097e-01
  -2.7978557387656422e-01
  -2.7723313062441329e-01
   1.4414668849597351e-01
   2.5924744355268586e-01
   4.8981271220947636e-01
  -4.9744924262907014e-01
  -2.2838071840494059e-01
  -3.8735654443075790e-01
  -2.2906946854345825e-01
   1.3768244709993138e+00
   1.4513883241019912e-02
   5.0743282348382690e-01
   2.4041658300988136e-01
   6.1651829529580315e-01
  -6.5686049587406252e+00
   4.1001231152365852e-01
  -5.3166227427707324e-01
  -3.7009552628618958e-01
  -7.4429466987310144e-01
   3.9222664506936789e+00
  -1.0520533123989657e-01
  -1.9097701383879719e+00
  -2.8872762505457183e+00
  -3.0793281307837534e+00
   1.7870139087273780e+00
   1.1017453017170626e+00
   8.9014192580394114e-01
   3.9279269867016597e-01
  -2.0677971686504126e-01
   2.5624274789848750e-01
   2.4475751283955094e+00
  -2.9917349857673114e-01
   5.8649545773917824e+00
   1.3560803330563140e+00
   1.7440699051433188e+00
   5.5066938216087019e-02
  -8.1876155554068006e-02
   9.3442563740335594e-01
  -2.5369970331734888e+00
   5.6508048825420589e+00
   1.1956664026919049e-02
   5.8563617962344070e+00
   1.1063582641696426e-01
   1.2556897659990767e+00
  -4.8911263197417432e+00
  -3.3819136677340871e-02
  -3.7340340409274835e+00
  -1.9919991248862587e-01
   7.4661791403960043e-01
   1.8577385623063558e+00
   1.3139732202282534e-01
  -1.2018010939660237e-01
   1.1758461402307796e-01
  -2.6290439279662055e+00
   2.2575930383194551e+00
  -1.5782099805944574e+00
  -1.7265722756665827e+00
  -7.9469142214812272e-01
   2.5194394431817382e+00
   1.8539931880037346e+00
   1.4719605795630488e+00
  -3.6063531798238507e-01
   2.7462415336851804e+00
   9.1547419958329837e-02
  -4.2743119208241603e-01
  -5.4052291124378715e-01
  -3.1865176869028198e+00
   3.3960376457394326e-01
   3.5198561680644713e-01
  -9.5331733003382957e-01
   7.0742433144694361e-01
   8.5202370733050303e-01
   1.5991953300508681e+00
   8.7579533718552205e-01
   3.9255588774826056e-01
   7.0189817169301500e+00
   1.3087609911652274e+00
   2.9265853117908014e-01
   2.2695367613964037e+00
   2.4462750363429295e-01
   1.5707858815454994e+00
  -1.7421171960970803e+00
  -9.6270599260656642e-01
   4.0947822949183416e-01
   3.6137968682745951e+00
   4.3663311218327552e+00
  -1.0264192887246988e+00
  -3.8667421877042050e+00
  -1.4007676256988368e+00
   2.2480764357990006e+00
  -5.3584848023142517e-01
   3.6578829810207246e+01
   3.3462937311283852e-01
   4.7552723507732519e-01
  -1.0893039452572646e+00
   5.3935870494131302e-02
   2.9654364009189815e+00
   2.0542054927365059e+00
   5.3681171555666846e-02
  -1.7175499925161670e+00
   3.7155615115968650e+00
  -1.7415168162476735e-01
  -2.2623216578328698e-01
  -3.7262018804933779e+00
   9.5334416544517786e-01
  -7.9286925837991584e-01
   3.6084768748137946e-01
  -6.2935086830581644e-01
  -9.1953094270336055e-01
   7.0213722770961740e-01
  -8.7355638424657944e-01
   3.9109789240087894e-01
  -7.6147796859925310e-01
  -1.7644959007708419e-01
   5.7451298256805750e-01
  -5.1195821940850026e+00
  -1.7921387092156142e+01
  -3.6209336189576657e-01
  -7.6036766920112138e+00
  -8.1666158191532875e-02
  -2.4566824511417180e+00
   3.6077491251734978e-01
   1.8208641356972410e-01
  -1.5194447946698257e+00
  -1.8528202028592505e-01
  -6.5340572416893339e-01
   2.1946312424113281e+00
  -3.7236444127618831e+00
  -2.7045923995879295e-01
  -1.0278391242146516e-01
  -1.3150171488046098e+00
   2.7846739509838309e-01
  -9.1800655332666992e+00
  -9.2359096250787320e-01
  -5.0772801309525072e+01
  -7.8071414502649772e-01
  -1.1774022136375586e+00
  -1.1346796633482947e+00
   3.0428655726169662e+00
   4.5181021017956785e-01
   4.1634584635234653e+00
   9.0004263965877307e-01
  -1.3412812962609255e+00
   1.3141570154673383e+01
  -8.7392979404249349e-01
  -1.6643733038747528e+00
   6.1094650633627057e-01
   1.7178191491204129e+00
  -2.4586631369907083e-01
  -3.5617620942283703e+00
  -9.9668560595641686e-01
  -4.3341951054740901e+00
   5.5041592989159793e-01
   9.3844778441771404e-01
  -7.0524483249997361e-01
  -7.3194341129326324e+00
  -5.0508588977833857e-01
   1.2639314247583308e-01
   3.2225804031761734e-01
  -1.0146681495310948e-01
  -4.9815539556865501e-01
   3.9888370861692155e+00
   1.6810089500743519e+00
  -2.6358866471253610e+00
  -9.0337478987733688e-01
   6.6517577667619747e+00
  -1.2414096300463902e+00
   3.3036061741222618e+00
   1.3225301495619095e+00
  -5.0457516202342694e+00
  -1.8144611029799487e+00
  -1.5334743219631635e+00
  -1.3939417047259419e+00
   1.7676776315135021e+00
  -2.3594310851710620e-01
  -3.0220516298861227e-01
   1.2469672805109930e-01
   1.3206762414255024e+00
   9.0929377904134834e-01
  -9.0938126193714858e-02
  -2.2399273476705073e+01
   2.2932295953742188e-02
  -1.4396972797914364e+03
  -9.0669874537379858e-01
  -9.2330795017609379e-01
  -8.8644929974360331e-01
   7.9706689418226917e-01
   2.6184743660781042e+00
  -1.0305749389147135e+01
   1.5584790233083505e+00
  -1.2563449839351608e+00
  -1.3647054206813753e+00
  -3.7599536748993978e+02
  -4.1656272425932833e-01
   8.2973716175211376e-01
  -1.2600922341968905e+00
   2.6800179555091582e+01
  -3.3919713150281611e-01
  -2.2425473389726043e+00
   6.6396468686491372e-01
  -2.5719637166067020e+01
  -3.0979403786931194e+00
   3.3348968073873098e-01
  -1.0434330665963250e+00
  -5.2983787798177438e+01
   1.5226154307320356e+00
   2.1397961640805394e+00
  -1.0371201197433365e+01
  -2.7708160021838228e+00
   9.9283453617097250e-01
  -1.1856977768614156e+00
   2.1460001702690837e-01
   4.5927217265841469e-01
   4.7381090124537667e-01
   2.2131597608569784e+01
  -9.2538284850748587e-01
   1.8117745751514800e+00
  -1.6770091604220967e+00
   1.0662963667132863e+00
  -2.3278842335457722e-01
   4.5138236832578593e-01
   1.1015792450660677e+00
   1.9966457585124530e+01
  -4.3111331048449780e-01
  -4.4982306491253299e-01
   6.6088637066555689e-01
   4.5635224736366005e-02
  -4.3583488853389685e-01
   1.7461422614238525e-01
   1.0697654819879643e+01
   1.4460553416487354e+00
   6.9462710037548066e+00
  -1.8823317300661865e-01
   2.7617450458573889e+00
   7.9710364405934664e-01
  -1.1462555648519885e+01
   1.4115185981975060e+00
  -2.0358067088582303e+00
  -3.1728926254780560e-01
   1.8478077085049922e+00
  -6.4651173739707124e-01
  -1.7568600833059520e+01
  -6.7469203284919421e-01
   1.8179991527450181e+00
  -9.6624484774000607e-01
  -3.3953305847062238e+00
  -3.0940469877756283e-01
   8.6342716753678461e-01
   1.0938288533243439e+01
  -6.4455857796209619e+00
  -9.4731644149576344e-01
   7.0563932356039118e+01
  -6.0880531698217055e+00
  -5.5870646352808373e-01
   1.0011986057858979e+00
  -3.9357172145341313e-01
   1.9795843920539107e-02
  -1.2269811887244162e+00
  -9.0939184793833694e-01
  -2.3502483465537255e-01
   7.4212808196104241e-01
   3.3232980524339508e+00
  -1.7851247646091545e-01
  -5.5311704662385497e-03
  -2.8335747924160062e+00
  -2.2561917623470635e+00
   4.2239915459808541e-02
  -2.0823006829493953e+00
  -2.8454612100857681e+00
  -1.6285346278010876e-01
  -1.1530659842604025e+00
   8.4643886474802699e-01
  -3.0178850876025942e-01
  -1.7244330898665980e+00
  -5.4886010166418731e-01
   7.9949640032643310e-01
   3.4106414947939068e-01
   6.4169586763085118e-01
  -3.4975111987189023e-01
   3.7831177672773171e+00
   4.1844332396554501e-01
  -7.0067018421826777e-01
  -4.4778499901414937e-01
  -1.2514384894293185e+00
   6.4671066347911210e-01
   2.1547572857879257e-01
  -6.7833914318792488e-02
  -1.2094069194002479e+00
  -4.0039940653952971e-01
  -2.3859809364699842e+00
  -4.5367539109842783e+00
  -2.8469001520029730e-01
  -1.4154905003512189e-01
  -1.9916956094927003e+00
  -3.3458528628232544e+00
   7.4459350437034750e+00
  -7.1756227110046769e-02
  -3.0073732974854499e+00
  -7.5101081502408773e-01
   1.0872968869754193e-01
   7.4836707325313639e-02
  -7.8642837400587570e-02
   3.4834218636192760e-01
   7.8100511431822968e+00
   4.2747541300994557e-01
   2.8487174309561145e+00
   6.9703625802658020e-01
  -3.2589930652716009e-01
  -5.2752260601005907e-01
   1.9987512570753918e-01
   8.0974930064293122e+00
  -6.0027013694336151e-01
  -3.9914512343543496e-01
   1.5018649809139355e+00
   2.4818365419140423e-01
  -1.2475886434164334e+00
   8.3545715040187307e-01
   1.3206410780912048e+00
  -6.3095256069635930e-01
  -1.1896318433838859e+00
  -1.6228379226415672e+00
  -1.8355921918937310e+00
  -1.4772913977529045e+00
   2.1080067117202330e+00
   7.5670618841844034e-02
   7.4911498846954450e-01
   1.7214809287173680e+00
   7.8715265455079075e-01
   3.5547127522989692e+00
   1.9839751168195255e-01
   2.4946832514715633e+00
   5.5427576024402549e+00
  -8.3527358097672555e-01
   2.7608915993962596e-01
  -1.2563308123811416e+00
  -1.0016443507942852e+00
   1.6799079527601697e+00
  -4.8069343029127083e+00
  -1.6886855686508926e+00
  -1.2018320099451923e-01
   8.2242850370160225e-01
   1.5776849421860388e+00
  -2.3043491558219018e-01
   1.5964146151479666e+00
  -2.3916012577835835e+00
  -3.7131997409002344e+00
  -1.1738770847694948e+00
  -5.7725357239823560e-01
   4.7459299510681410e+00
  -3.4190897933380832e-01
  -1.6221364372356468e+00
  -5.8053290906074217e-01
  -1.6954801647460116e+00
   5.9660248804545821e+00
   6.2741824849272532e-01
   4.5890540332800928e-01
  -1.2297441371726758e+00
   4.2165949640735639e-02
  -1.3376169540285160e-01
  -8.7335822684620223e-01
   4.9680144601323012e-01
  -1.4702950668268921e+00
  -4.8044427718565508e-01
   1.9965874147624572e+00
  -1.0206744285019804e+00
   9.1246427845981193e-01
   5.0244913978529526e+00
  -1.1806776229103455e+00
   1.3300430926610604e-01
  -8.4286707728428245e-01
   2.0601741041383885e+00
   3.1818667073426465e+00
   7.3058768247428407e-01
   2.6129284052616814e-01
  -4.7658328400937666e-01
  -8.5378068258556672e-01
  -7.1702519003351228e-01
   5.1720920787323594e+00
  -8.2768948721554117e-02
  -6.6626991702477389e-01
   4.9476121185374655e+00
  -1.3892190862845210e+01
   9.9360026201501916e-01
   2.2701663966580528e+00
  -5.8699444638685359e+00
   1.4098998999980339e+00
   1.0445855949982616e-03
  -8.5645950871433618e-01
   1.8435835323881777e+00
   1.3286498045543798e+00
   5.5818392228262836e-01
  -1.7953559968890715e+00
  -1.0232793511055942e+00
  -1.7849251369060359e-02
  -5.2790078366867210e-01
   5.2618698041283229e+00
  -5.7320005902393417e-02
   6.9672799434093067e+00
  -1.4707493956132884e+00
  -1.4705338696118639e-01
   2.6016573712522162e-01
   2.6349559506861389e+00
  -1.1459186447746615e-03
   9.1554954511834141e-01
   5.2892534747295639e-01
   4.0883049274536282e-01
   1.2667478383239421e+02
   7.8781768088206872e-01
   3.1636206791904575e-01
   6.3658769722303188e-01
   1.6168788043167950e+00
  -5.8140291804201581e+01
   1.3524968227379462e+01
  -5.8067819336839510e-01
  -2.6903127593662886e+00
   1.2371578144375628e+00
   1.2435973083892120e+00
  -2.0479366591010866e+01
  -1.8879140856958596e+00
   1.2686080597215290e+00
   3.5129789288722818e-01
   3.4157811749652094e+00
   8.5680967826911836e-01
  -6.5227372981996445e-01
   2.5644180623602453e-01
  -1.0944014781683993e+00
   8.5818567031985027e-01
  -9.8359718286120614e+00
  -1.0360604081295410e+00
  -5.8248391702420677e-01
   8.2780300392820527e-01
   9.9381667157381610e+00
  -2.2980872819670632e+00
   1.7236949875178229e-01
  -3.8551243096237475e-01
  -5.1815654584234956e+00
  -3.6993583090501596e-02
  -5.9891010075362516e-02
  -1.3216282908091739e+00
   5.9485013712335908e+00
  -1.6235574862970594e+00
   1.0505192220109258e+00
  -2.9474474539751934e+00
   2.3052584380582505e-01
  -1.2838650348653629e+00
  -1.2341915034823658e+00
   1.1336682452986013e+00
  -2.0492784709005007e-01
   4.0466718872337459e+00
   4.7090308690892640e-01
   1.3816396466328860e+00
  -7.4403560972739882e+01
  -9.8494130037014180e+00
   8.1071598354228536e-01
   7.2301510166967464e-01
   8.3780612019624865e+00
  -8.0488205375125688e-01
  -5.2272623785357797e-01
   3.0445239429253395e+00
   1.6090254848614538e-01
   1.0121778167186622e-01
  -8.0547246327635491e-03
   3.9843135166085903e+00
  -9.0158662388329780e-01
  -5.5431929508641742e-01
  -6.8873294313415612e-01
   7.0513435215376519e-01
   4.7305144116060066e-01
  -7.0144325344797720e-01
  -6.0299700685611191e+00
