7.17473 6.96586
-4.34967 -9.00446
-4.25001 -9.05193
-3.9134 -9.20246
-2.78816 -9.60344
-2.27804 -9.73707
-1.27518 -9.91836
-0.0772624 -9.9997
0.254541 -9.99676
0.292359 -9.99573
0.379883 -9.99278
0.988855 -9.95099
1.62934 -9.86637
3.87238 -9.2198
4.91101 -8.71103
5.17489 -8.5569
5.35852 -8.44312
9.45553 3.25467
9.44074 3.29734
9.19697 3.92628
9.18643 3.95088
9.88382 1.51989
9.91194 1.32421
9.93652 1.12497
9.93711 1.11976
9.94097 1.08496
9.99316 0.369696
9.99427 -0.338573
9.95839 -0.911355
9.826 -1.85733
9.29488 -3.68852
9.09755 -4.15145
8.72819 -4.88043
8.28785 -5.59567
8.17287 -5.7623
-4.54373 -8.90812
-5.56778 -8.30661
-5.77805 -8.16175
-6.41712 -7.66946
-7.42544 -6.69797
-8.61008 -5.08592
-8.66511 -4.99159
-8.74885 -4.8433
-8.84443 -4.66647
-8.98197 -4.39593
-8.99859 -4.36181
-9.53885 -3.00172
-9.58776 -2.84163
-9.71408 -2.37416
-9.99932 -0.116725
-9.9935 0.360596
-9.99094 0.425476
-9.93273 1.15793
-9.91421 1.30705
-9.8968 1.43298
-9.8434 1.76281
-9.57635 2.87984
-8.08691 5.88234
-8.05389 5.92747
-6.9137 7.22501
-6.81568 7.31755
-4.88159 8.72755
-2.00895 9.79613
-1.82645 9.83179
-1.42465 9.898
-0.56694 9.98392
-0.495759 9.9877
-0.0857771 9.99963
0.653234 9.97864
0.67379 9.97727
1.05631 9.94405
1.49543 9.88755
2.19871 9.75529
2.2518 9.74317
3.01728 9.53394
3.4881 9.37194
4.82205 8.76058
4.90951 8.71187
5.39752 8.41824
5.40604 8.41277
6.35114 7.72419
6.57094 7.53808
6.66931 7.4512
8.64069 5.03373
8.57503 5.14478
8.1556 5.78672
7.63349 6.45987
7.53196 6.57796
7.24827 6.88931
7.17473 6.96586

