0
0
0
0
0
0
0
0
0
0
0
0
0
0
0.0913045
0.678261
1.71929
2.21509
2.18217
2.02996
1.50881
1.34257
1.17962
0.986172
1.20437
1.43361
1.36198
1.09818
0.967875
1.23147
1.04048
1.13006
1.12209
1.01373
1.20829
1.08368
1.15176
1.20747
1.19746
1.21723
1.3063
1.19009
1.176
1.14938
1.13086
1.36826
1.23583
1.21063
1.24661
1.04933
1.03235
1.12091
1.05481
0.920259
0.938522
0.925084
0.876084
0.928128
1.01839
1.06855
0.98243
0.902809
0.88331
0.976815
1.0187
0.992411
1.01203
1.03556
1.03387
0.987416
1.02115
0.980643
0.965217
1.04992
1.11205
1.06524
1.066
1.11169
1.14864
1.09215
1.03336
1.0229
1.01082
1.10609
0.972566
1.10086
1.06485
1.03402
1.15891
1.02483
1.02805
1.00226
0.977732
0.943148
0.926583
0.961375
0.959832
0.992816
0.974869
0.978488

