0.526946
0.0870713
0.662662
0.593701
0.122816
0.291418
0.0240948
0.619497
0.499724
0.37519
0.0850232
0.52406
0.63094
0.0479685
0.271106
0.367412
0.64053
0.402803
0.821877
0.176427
0.822132
0.356566
0.326311
0.489782
0.108207
0.130173
0.223697
0.181515
0.534177
0.00707484
0.853433
0.268893
0.0117651
0.188604
0.491709
0.531382
0.309934
0.921938
0.809089
0.215491
0.590452
0.0987203
0.451846
0.939783
0.53973
0.64845
0.468259
0.336179
0.164673
0.444332
0.235006
0.353548
0.353577
0.370632
0.026632
0.0223825
0.252704
0.365731
0.497672
0.510484
0.443665
0.0287857
0.184837
0.374089
0.24983
0.0091389
0.236174
0.655716
0.30369
0.506951
0.0828127
0.377149
0.238037
0.308781
0.323189
0.033979
0.448681
0.165603
0.302827
0.22997
0.124231
0.0647256
0.280126
0.225162
0.0525516
0.083698
0.439819
0.0633905
0.74389
0.119584
0.748745
0.595349
0.409962
0.682808
0.378935
0.147665
0.691368
0.17524
0.179623
0.704562
0.657302
0.77689
0.433244
0.438141
0.505747
0.500353
0.757349
0.0936869
0.264602
0.106248
0.462679
0.761639
0.911711
0.457685
0.319192
0.259394
0.661019
0.422737
0.496687
0.633295
0.508353
0.534353
0.737839
0.305887
0.65049
0.518664
0.507917
0.80483
0.398779
0.687474
0.155496
0.592424
0.435294
0.769681
0.389416
0.502135
0.430604
0.0587793
0.0593863
0.249084
0.1034
0.589583
0.021469
0.107099
0.439243
0.356307
0.337144
0.626549
0.110807
0.261062
0.0325519
0.593366
0.671188
0.602357
0.932085
0.464995
0.323103
0.0997022
0.41208
0.586706
0.233384
0.355361
0.70395
0.173213
0.167124
0.632188
0.771806
0.162039
0.515181
0.551058
0.585031
0.4977
0.718334
0.21334
0.169977
0.130115
0.527291
0.109098
0.453563
0.130439
0.406778
0.393455
0.306205
0.795327
0.654817
0.634474
0.40753
0.709171
0.781243
0.0116676
0.935437
0.0812973
0.0914066
0.191455
0.37722
0.320518
0.351574
0.296913
0.814731
0.466251
0.215527
0.321643
0.343131
0.540564
0.1156
0.319359
0.0496627
0.256498
0.536604
0.684536
0.621561
0.280564
0.0161219
0.506987
0.519317
0.337427
0.0508126
0.226233
0.240256
0.46154
0.175339
0.442457
0.122942
0.818915
0.0313691
0.388893
0.097108
0.691857
0.0197655
0.610351
0.204155
0.142326
0.305459
0.692553
0.284027
0.076202
0.448178
0.386484
0.270591
0.236658
0.301555
0.00552118
0.553628
0.829426
0.816189
0.507755
0.31534
0.0898507
0.318918
0.167335
0.245255
0.565973
0.632251
0.678577
0.0452603
0.263386
0.437096
0.021176
0.00258126
0.784822
0.495816
0.828067
0.546504
0.284286
0.807391
0.384134
0.370047
0.326599
0.111122
0.571963
0.396216
0.317102
0.383788
0.0723132
0.327702
0.373898
0.696757
0.633782
0.483378
0.799662
0.343647
0.377646
0.0796993
0.166878
0.281897
0.0694119
0.388577
0.377568
0.677898
0.249571
0.296401
0.328438
0.237916
0.600233
0.0389077
0.575576
0.576524
0.701073
0.673938
0.814548
0.0323886
0.420102
0.145269
0.0799755
0.190461
0.102532
0.40817
0.0113936
0.407556
0.387353
0.274986
0.170706
0.704206
0.112424
0.393679
0.609221
0.0565932
0.666463
0.120517
0.270928
0.51029
0.633687
0.0206059
0.919634
0.271207
0.425344
0.348952
0.276509
0.189066
0.375071
0.237981
0.067618
0.225105
0.320151
0.0527231
0.0800464
0.757216
0.115293
0.37616
0.2129
0.21121
0.280054
0.206256
0.154211
0.229574
0.375837
0.122704
0.444657
0.348722
0.554423
0.784051
0.275849
0.637512
0.588155
0.359915
0.375899
0.726534
0.201305
0.248876
0.434204
0.162444
0.261353
0.0589098
0.636738
0.355037
0.188676
0.0684245
0.333995
0.498405
0.149855
0.177238
0.454324
0.533949
0.176963
0.38319
0.887374
0.350839
0.199933
0.468948
0.145758
0.12162
0.273266
0.483871
0.706182
0.241753
0.333983
0.150742
0.554207
0.106574
0.366401
0.742483
0.451351
0.137194
0.0685883
0.253422
0.258088
0.344459
0.46938
0.50153
0.365319
0.583553
0.331355
0.514187
0.0450971
0.579242
0.395132
0.490858
0.892869
0.461012
0.192859
0.0171965
0.443517
0.253057
0.569259
0.596617
0.263892
0.159649
0.523139
0.208705
0.793488
0.535492
0.0502337
0.733997
0.309235
0.0612118
0.687384
0.0452572
0.0544486
0.250367
0.751707
0.22446
0.313275
0.0722478
0.357453
0.136976
0.119697
0.398487
0.0499159
0.502468
0.47149
0.889001
0.938767
0.155141
0.52283
0.538296
0.281114
0.450844
0.395015
0.352214
0.0900566
0.214893
0.72432
0.173471
0.46821
0.55628
0.551411
0.719483
0.335868
0.343185
0.531687
0.348441
0.0722299
0.355747
0.0898747
0.210592
0.00448164
0.465807
0.287146
0.145568
0.023939
0.665263
0.226487
0.0398833
0.274348
0.39362
0.244694
0.355742
0.630716
0.0543872
0.417844
0.750474
0.390832
0.541382
0.417312
0.603784
0.0414494
0.26403
0.708621
0.701067
0.579157
0.165476
0.240108
0.199346
0.266697
0.12623
0.950167
0.676204
0.491624
0.0365604
0.727725
0.238499
0.331927
0.00856364
0.663084
0.349888
0.124486
0.199612
0.0824168
0.39065
0.636304
0.225588
0.792539
0.417916
0.797147
0.105843
0.638396
0.387283
0.588893
0.0905843
0.317127
0.0714788
0.165291
0.183022
0.871704
0.0226197
0.00447366
0.866352
0.690183
0.277094
0.303917
0.570332
0.417725
0.0890364
0.144803
0.320239
0.115984
0.420309
0.628322
0.644656
0.0221332
0.549119
0.483436
0.713354
0.699924
0.58685
0.104789
0.254082
0.48188
0.0694628
0.300993
0.153238
0.480322
0.274993
0.0266378
0.310802
0.125735
0.0343896
0.341878
0.208972
0.655031
0.0934149
0.11177
0.506994
0.304167
0.545635
0.564191
0.180133
0.072798
0.242827
0.172188
0.459141
0.0260675
0.589444
0.0765721
0.201432
0.101494
0.140954
0.0781307
0.398413
0.646666
0.180501
0.206977
0.347398
0.351066
0.203591
0.367683
0.889834
0.538486
0.449612
0.309127
0.374893
0.342705
0.170317
0.71948
0.505008
0.589805
0.219431
0.720957
0.498055
0.281507
0.522168
0.427719
0.238965
0.390462
0.0524201
0.0297904
0.423028
0.177078
0.315029
0.283799
0.575234
0.30757
0.552372
0.720288
0.463554
0.0823309
0.263831
0.739554
0.599253
0.606829
0.249574
0.204312
0.898692
0.242606
0.64317
0.403808
0.138723
0.638091
0.378129
0.463371
0.261399
0.159462
0.347711
0.110423
0.387472
0.681052
0.0295604
0.08225
0.692774
0.323302
0.386428
0.358725
0.311131
0.0466849
0.258938
0.30987
0.199409
0.762341
0.560694
0.0458855
0.571287
0.797002
0.534173
0.112058
0.368449
0.825949
0.66661
0.143349
0.078635
0.00488716
0.571671
0.121908
0.815361
0.167859
0.255698
0.481072
0.572842
0.624751
0.414271
0.211992
0.707696
0.701721
0.552213
0.457691
0.0816262
0.568924
0.767177
0.749255
0.612889
0.423627
0.135598
0.709297
0.253634
0.517302
0.0946275
0.386876
0.609692
0.0211047
0.468313
0.0300558
0.237909
0.358841
0.0801573
0.271212
0.832189
0.243312
0.345215
0.272792
0.289211
0.226956
0.668672
0.04065
0.201281
0.311943
0.290413
0.200694
0.00719143
0.371789
0.0866046
0.558205
0.751258
0.592101
0.33061
0.0823339
0.8392
0.547335
0.600617
0.515631
0.900239
0.505163
0.172866
0.263534
0.101242
0.680031
0.151241
0.0202472
0.0762241
0.345062
0.441846
0.439426
0.0351675
0.0337063
0.227584
0.163252
0.210953
0.0974291
0.72835
0.606335
0.760751
0.110477
0.348339
0.132824
0.13359
0.442679
0.713934
0.152188
0.910425
0.784584
0.0521567
0.274487
0.0109512
0.0220385
0.554767
0.360065
0.371257
0.884718
0.378696
0.259174
0.00972846
0.313102
0.25328
0.761001
0.262924
0.843815
0.298456
0.601954
0.609052
0.0869427
0.0521782
0.646694
0.0485902
0.297311
0.0177565
0.00603477
0.251607
0.331703
0.418199
0.125229
0.255894
0.0752492
0.139742
0.0152522
0.356049
0.56376
0.0639404
0.0119947
0.429809
0.473308
0.676095
0.0369365
0.89699
0.612223
0.320125
0.298229
0.285996
0.0892238
0.0470508
0.721332
0.30057
0.347557
0.758514
0.120461
0.378097
0.131177
0.185496
0.914969
0.00380843
0.27861
0.401123
0.0162061
0.716711
0.399294
0.540704
0.508922
0.453489
0.268422
0.0162948
0.538818
0.86272
0.663837
0.00386584
0.0339154
0.213058
0.675825
0.299403
0.355791
0.384358
0.622053
0.276884
0.693049
0.198165
0.852635
0.621069
0.715748
0.586454
0.11783
0.66049
0.315966
0.729634
0.109243
0.344673
0.0291371
0.123446
0.30148
0.0896524
0.565194
0.259073
0.433573
0.276434
0.573648
0.654481
0.305009
0.485751
0.338061
0.941784
0.563205
0.47193
0.118696
0.238332
0.703401
0.0368696
0.766034
0.00101491
0.484566
0.629111
0.638422
0.24004
0.254969
0.284505
0.150148
0.249568
0.261708
0.680531
0.410773
0.410436
0.0784276
0.839571
0.0760424
0.768365
0.0294372
0.712316
0.131502
0.591371
0.535227
0.525249
0.243749
0.374135
0.587353
0.569192
0.723323
0.1791
0.24879
0.0743536
0.158998
0.757407
0.275101
0.459604
0.660551
0.137539
0.262526
0.420531
0.153057
0.447876
0.748111
0.134528
0.644055
0.460542
0.102651
0.325953
0.299108
0.94872
0.108715
0.141845
0.460783
0.537201
0.444781
0.439367
0.653419
0.73744
0.385482
0.10245
0.346116
0.0986478
0.454156
0.925704
0.649569
0.0291053
0.531804
0.371881
0.735624
0.763088
0.319975
0.0280171
0.354561
0.333298
0.545668
0.298722
0.55111
0.26606
0.274863
0.120009
0.174642
0.571215
0.864139
0.426824
0.592615
0.128374
0.185614
0.0428278
0.130466
0.460808
0.541391
0.174281
0.890673
0.178075
0.0250678
0.390936
0.690413
0.0737888
0.335167
0.0632988
0.33985
0.189081
0.468105
0.507213
0.156473
0.713555
0.38243
0.00982882
0.0804643
0.40206
0.463487
0.21905
0.0851417
0.625195
0.192306
0.458171
0.606579
0.152117
0.614169
0.0462869
0.549391
0.436956
0.383835
0.623781
0.169697
0.282921
0.145574
0.0998495
0.0475852
0.660972
0.542272
0.242263
0.183529
0.107754
0.52755
0.60359
0.213627
0.239397
0.247469
0.302909
0.378963
0.0134575
0.673546
0.559753
0.162646
0.0116297
0.711812
0.149329
0.761653
0.493117
0.4588
0.234916
0.877467
0.272295
0.0227852
0.177107
0.48059
0.261072
0.31721
0.322015
0.296182
0.286574
0.53881
0.116707
0.0710581
0.273688
0.694218
0.614836
0.445076
0.120387
0.381366
0.064485
0.167092
0.570007
0.201966
0.307008
0.419558
0.544043
0.425296
0.824011
0.136726
0.502232
0.067485
0.61672
0.213849
0.938135
0.692178
0.331321
0.295899
0.663483
0.764895
0.487371
0.383033
0.774461
0.0428661
0.20215
0.194068
0.13739
0.360811
0.0167602
0.137707
0.331872
0.523791
0.184158
0.711762
0.227787
0.402894
0.0146486
0.16509
0.469964
0.293231
0.299777
0.429299
0.444425
0.269966
0.522695
0.63658
0.0117588
0.515049
0.648509
0.254345
0.0961712
0.0304265
0.47992
0.409645
0.0153756
0.0287051
0.304498
0.869994
0.403314
0.272708
0.399992
0.761629
0.133182
0.568905
0.598725
0.124323
0.564863
0.0421892
0.356213
0.124527
0.196792
0.122429
0.283087
0.871746
0.115851
0.300145
0.158956
0.606794
0.739414
0.134078
0.0241772
0.0143555
0.175799
0.0253087
0.682391
0.187463
0.0601173
0.511323
0.323563
0.0097554
0.47148
0.443361
0.401369
0.863441
0.0692547
0.00622248
0.411453
0.0740452
0.525933
0.0970118
0.291917
0.116339
0.271661
0.086151
0.491744
0.350405
0.225114
0.407139
0.556439
0.194362
0.458797
0.585669
0.0322975
0.206219
0.382827
0.120554
0.245008
0.346889
0.338382
0.292137
0.46905
0.019606
0.128225
0.816891
0.369004
0.175053
0.178726
0.43478
0.233402
0.0354645
0.272969
0.894015
0.153133
0.19624
0.0171555
0.231658
0.0794057
0.336329
0.0950799
0.302311
0.304621
0.0169485
0.905567
0.178079
0.543197
0.364238
0.339494
0.164412
0.18685
0.613805
0.739221
0.459752
0.167025
0.0644458
0.117694
0.240334
0.282715
0.259137
0.0885476
0.417205
0.375375
0.6451
0.143847
0.02803
0.25312
0.464772
0.545356
0.51259
0.0515196
0.323589
0.650521
0.795535
0.168941
0.246044
0.647847
0.777134
0.177634
0.13984
0.0973738
0.100096
0.553327
0.559509
0.133183
0.0775773
0.32848
0.526992
0.108579
0.263529
0.412642
0.278406
0.559219
0.573344
0.549143
0.495262
0.611963
0.288292
0.19565
0.277783
0.485715
0.589329
0.434231
0.680963
0.320236
0.699944
0.359964
0.29793
0.461713
0.471851
0.0414696
0.781816
0.360875
0.0178042
0.723214
0.52681
0.0519966
0.489238
0.396736
0.289738
0.237283
0.769503
0.539143
0.0398207
0.123039
0.295
0.295647
0.135627
0.54107
0.55237
0.198854
0.369793
0.108767
0.539722
0.334945
0.27324
0.145125
0.219182
0.155496
0.705231
0.238102
0.725309
0.22823
0.498301
0.100829
0.121136
0.10372
0.194129
0.0509841
0.166425
0.300412
0.0120239
0.421973
0.623777
0.0341158
0.222132
0.66844
0.0128646
0.0602287
0.607028
0.716643
0.402173
0.0605472
0.507719
0.280405
0.39916
0.669483
0.460963
0.00225045
0.411945
0.277932
0.0413126
0.6803
0.21982
0.90705
0.222956
0.757124
0.736923
0.207911
0.0574011
0.260621
0.668225
0.19043
0.785955
0.162288
0.0371052
0.796079
0.023934
0.0402295
0.256018
0.435004
0.282215
0.422003
0.600683
0.0236963
0.523922
0.63531
0.127531
0.351693
0.195156
0.376565
0.0144605
0.75038
0.250088
0.399063
0.26498
0.513267
0.292546
0.567742
0.00791019
0.255632
0.337797
0.365977
0.687289
0.527591
0.217477
0.366934
0.317741
0.187638
0.446593
0.570636
0.108137
0.778045
0.441298
0.324728
0.0440049
0.148067
0.350074
0.404161
0.0622459
0.0252955
0.0713349
0.162371
0.119043
0.110564
0.756672
0.493565
0.278468
0.272339
0.539728
0.0160506
0.756593
0.725303
0.281813
0.037413
0.349278
0.103838
0.0055202
0.0211517
0.68739
0.915782
0.383514
0.9048
0.455963
0.275099
0.165876
0.336139
0.0492902
0.0509925
0.525539
0.863513
0.380234
0.695061
0.295542
0.550072
0.36352
0.0273881
0.561545
0.617431
0.171362
0.294912
0.51186
0.483978
0.548541
0.405354
0.184846
0.0888476
0.356508
0.0749605
0.154281
0.663903
0.115003
0.543191
0.218996
0.443006
0.431651
0.117077
0.193001
0.0376083
0.118004
0.0506488
0.556327
0.0970623
0.174792
0.484407
0.262328
0.615653
0.354792
0.821453
0.296632
0.56281
0.282633
0.68022
0.483191
0.0337579
0.649108
0.148923
0.327295
0.701248
0.537206
0.149619
0.0416784
0.0158616
0.280315
0.0123998
0.431366
0.34339
0.132113
0.43631
0.718637
0.546576
0.350408
0.255067
0.450168
0.0814073
0.633861
0.651233
0.832738
0.0297074
0.186184
0.605008
0.747593
0.435721
0.107781
0.532224
0.442261
0.909373
0.0473251
0.611762
0.754246
0.74141
0.290466
0.254425
0.160596
0.484829
0.401063
0.477284
0.338552
0.501461
0.329185
0.734463
0.261195
0.398217
0.0687079
0.418602
0.459563
0.300584
0.582733
0.509701
0.0990251
0.391854
0.620267
0.0167205
0.316219
0.185388
0.510134
0.333501
0.726898
0.735509
0.570024
0.561197
0.166127
0.290322
0.337034
0.310675
0.0511608
0.480501
0.67718
0.627836
0.307143
0.516642
0.572711
0.275527
0.367239
0.946677
0.561253
0.813968
0.365826
0.284069
0.20551
0.324252
0.10484
0.294242
0.0235918
0.60641
0.751763
0.121237
0.280178
0.280735
0.360956
0.449063
0.125973
0.850837
0.251589
0.688221
0.209115
0.267582
0.672906
0.504294
0.195533
0.333676
0.159164
0.51056
0.588156
0.316245
0.0368151
0.376985
0.372224
0.147255
0.230283
0.335911
0.624711
0.779606
0.169908
0.958057
0.572415
0.0520516
0.0189464
0.607224
0.472666
0.464956
0.43662
0.215921
0.671167
0.330496
0.334787
0.481569
0.0649076
0.298314
0.235776
0.337107
0.0378649
0.0130356
0.0615298
0.00806104
0.197598
0.760146
0.237686
0.338326
0.218993
0.319019
0.116152
0.108536
0.288442
0.848126
0.840021
0.190571
0.653482
0.0359939
0.262141
0.437336
0.243216
0.158342
0.397865
0.144331
0.513885
0.10111
0.115095
0.571516
0.62539
0.687963
0.416615
0.708606
0.0756982
0.281872
0.311429
0.106905
0.0886271
0.569983
0.017197
0.0430785
0.0534163
0.280471
0.566971
0.258898
0.897842
0.490331
0.166258
0.197893
0.479113
0.245659
0.0773013
0.592475
0.146595
0.557821
0.127027
0.216503
0.72691
0.821889
0.262597
0.736938
0.647673
0.118767
0.723831
0.342589
0.896985
0.327706
0.380391
0.548407
0.207334
0.0551143
0.19908
0.100206
0.940964
0.422033
0.829147
0.699395
0.141877
0.00494969
0.448017
0.0774005
0.220062
0.583826
0.776176
0.938395
0.270476
0.805457
0.410845
0.441039
0.547339
0.6116
0.143721
0.144639
0.349177
0.637578
0.48365
0.516905
0.904953
0.245475
0.567444
0.363382
0.152001
0.147601
0.00531995
0.36354
0.612083
0.400731
0.197753
0.279515
0.343976
0.461872
0.307658
0.32905
0.383821
0.411421
0.0237257
0.212147
0.814459
0.388493
0.432576
0.279629
0.278992
0.0967432
0.632975
0.147675
0.562306
0.826427
0.706503
0.43968
0.831094
0.264027
0.209947
0.674734
0.332609
0.431132
0.606055
0.238721
0.239929
0.187795
0.00432923
0.355039
0.524622
0.358745
0.369122
0.557785
0.211571
0.0742207
0.658676
0.142801
0.624984
0.433142
0.0230681
0.228146
0.108947
0.244032
0.226757
0.0671348
0.525294
0.436258
0.483301
0.0173029
0.651156
0.063983
0.646626
0.939248
0.603522
0.349896
0.0503251
0.804723
0.532989
0.885095
0.553967
0.0504081
0.27085
0.612621
0.607846
0.606105
0.384363
0.206761
0.0961946
0.135775
0.433852
0.798995
0.163022
0.140433
0.21744
0.120248
0.636935
0.0319951
0.317426
0.576666
0.0272892
0.0102477
0.386051
0.661468
0.280563
0.467479
0.598564
0.2028
0.145362
0.272706
0.394329
0.0361933
0.478373
0.57057
0.0741499
0.18723
0.279611
0.738342
0.287077
0.8557
0.337577
0.221875
0.259243
0.326264
0.0992655
0.00767543
0.405563
0.183202
0.690881
0.243875
0.162587
0.0853262
0.674177
0.364649
0.0236426
0.415808
0.411196
0.105243
0.456881
0.588671
0.428431
0.758863
0.12143
0.276209
0.083183
0.301766
0.555585
0.701543
0.210803
0.0203488
0.27246
0.346483
0.627645
0.548764
0.124698
0.727893
0.571313
0.359336
0.136408
0.22243
0.149411
0.719705
0.0673484
0.109836
0.0179968
0.0235316
0.320064
0.382858
0.457274
0.690925
0.483517
0.0112022
0.776065
0.392938
0.127535
0.518357
0.0695391
0.634265
0.0127017
0.294912
0.912252
0.158529
0.00736021
0.893476
0.31727
0.606477
0.680307
0.245793
0.219982
0.173652
0.21197
0.424333
0.0329114
0.224781
0.378239
0.134755
0.11215
0.648273
0.487478
0.0914627
0.540849
0.0601169
0.0695499
0.34876
0.47801
0.918726
0.144205
0.390111
0.479404
0.0112625
0.379282
0.113565
0.294951
0.259852
0.504605
0.718556
0.03565
0.732997
0.295923
0.412626
0.109505
0.550807
0.693477
0.231368
0.331557
0.138977
0.104559
0.266487
0.0928387
0.170009
0.0836686
0.105225
0.0481056
0.601775
0.0977549
0.470568
0.873787
0.4112
0.401587
0.439929
0.525897
0.217364
0.618791
0.797363
0.218697
0.26515
0.478883
0.708722
0.169343
0.450957
0.330852
0.857413
0.0558982
0.265152
0.24993
0.285504
0.17966
0.152506
0.247448
0.382833
0.21791
0.937198
0.412121
0.130769
0.0774112
0.586788
0.351119
0.563537
0.174849
0.534402
0.487839
0.138186
0.0202772
0.31552
0.210082
0.218586
0.10876
0.0894869
0.527687
0.0443304
0.431245
0.350683
0.911952
0.606695
0.65744
0.0177732
0.0891402
0.337208
0.205328
0.093245
0.0618623
0.403335
0.702896
0.0226286
0.150867
0.416187
0.250457
0.31631
0.458596
0.359495
0.322809
0.62718
0.361149
0.0909691
0.244375
0.731964
0.413715
0.244405
0.0906332
0.719396
0.330716
0.514076
0.515979
0.337557
0.0820176
0.619837
0.356339
0.205165
0.677129
0.286212
0.114206
0.500011
0.792815
0.560475
0.0619356
0.586104
0.301066
0.802806
0.30812
0.394714
0.266473
0.212111
0.382945
0.857089
0.169834
0.605052
0.332223
0.161306
0.507683
0.687855
0.460641
0.726179
0.0400777
0.777544
0.14808
0.18282
0.0500697
0.20755
0.604999
0.109908
0.701183
0.324837
0.128511
0.334328
0.579221
0.144983
0.0462763
0.341757
0.563861
0.112155
0.0978372
0.698049
0.0607698
0.300461
0.657113
0.708981
0.137603
0.261694
0.468183
0.0643465
0.213399
0.201096
0.308198
0.575272
0.105949
0.671946
0.387238
0.0707476
0.412982
0.439089
0.045776
0.631888
0.667291
0.818386
0.258085
0.0676585
0.789345
0.155307
0.531797
0.415656
0.37788
0.378516
0.460963
0.132831
0.548418
0.217342
0.38384
0.249644
0.913481
0.336118
0.606905
0.368443
0.61369
0.00364328
0.837942
0.525546
0.727695
0.468559
0.290206
0.210494
0.206369
0.503268
0.364565
0.103796
0.376379
0.130204
0.213568
0.188047
0.243425
0.790146
0.66687
0.1759
0.11716
0.595186
0.532933
0.133623
0.485315
0.0898046
0.262289
0.835983
0.236371
0.328272
0.499494
0.0112719
0.473041
0.588539
0.67179
0.576446
0.369403
0.349832
0.447015
0.452124
0.0399713
0.461018
0.0414767
0.284711
0.0197726
0.374236
0.185209
0.364084
0.31052
0.125692
0.354212
0.484192
0.0397937
0.51533
0.33105
0.136529
0.10176
0.356527
0.390196
0.892139
0.790874
0.885926
0.189839
0.676504
0.716983
0.571075
0.224179
0.29107
0.0264695
0.582923
0.263782
0.649992
0.151214
0.270627
0.317017
0.316727
0.203654
0.169029
0.346096
0.274085
0.300614
0.923814
0.708125
0.271903
0.244847
0.388345
0.142309
0.315108
0.509989
0.492294
0.435683
0.543842
0.423991
0.0104777
0.000581097
0.273838
0.741867
0.345367
0.414956
0.250257
0.668228
0.219446
0.0793497
0.300394
0.5387
0.288062
0.107516
0.199155
0.348006
0.374813
0.127994
0.13413
0.12585
0.45903
0.257667
0.339108
0.249111
0.540414
0.256955
0.850889
0.17155
0.17679
0.507105
0.0773883
0.300032
0.748364
0.557446
0.433073
0.286739
0.476862
0.763275
0.296241
0.255807
0.0395566
0.551529
0.00357142
0.0961151
0.623106
0.0609166
0.0544426
0.257464
0.452371
0.262189
0.803852
0.0456099
0.296178
0.389922
0.782188
0.164714
0.585451
0.245438
0.078746
0.41591
0.378264
0.684803
0.0117537
0.0147986
0.0741475
0.239011
0.352143
0.24709
0.283775
0.0120422
0.0650211
0.438155
0.609393
0.00707244
0.188355
0.303222
0.0553314
0.875015
0.143996
0.147641
0.23724
0.130924
0.301565
0.777009
0.268724
0.350716
0.536425
0.014349
0.351609
0.135234
0.189364
0.793315
0.608175
0.00947502
0.275054
0.339815
0.238404
0.426702
0.84023
0.613816
0.138234
0.419854
0.0455537
0.0466004
0.352365
0.0980343
0.270665
0.755035
0.113832
0.470692
0.337487
0.263785
0.254532
0.0864286
0.659419
0.643572
0.425841
0.890878
0.371028
0.150127
0.447092
0.319996
0.0317572
0.467272
0.30984
0.270654
0.0490309
0.417172
0.35578
0.305559
0.517619
0.886592
0.48208
0.73944
0.340471
0.0569891
0.127374
0.596361
0.25278
0.0284192
0.103718
0.800518
0.726153
0.113585
0.727631
0.594848
0.166305
0.504247
0.384268
0.469726
0.118769
0.912753
0.116383
0.351741
0.295347
0.251683
0.359322
0.339829
0.241323
0.0972665
0.509399
0.377073
0.0116715
0.37448
0.716641
0.365564
0.714863
0.280062
0.218193
0.0497792
0.689227
0.224405
0.751167
0.839711
0.0141484
0.221353
0.298139
0.428671
0.333249
0.309286
0.0074917
0.676525
0.618229
0.163347
0.630826
0.132516
0.537132
0.252411
0.140701
0.15535
0.249018
0.0921021
0.264172
0.257826
0.40656
0.275187
0.594649
0.51035
0.0360853
0.488974
0.00642128
0.404323
0.470132
0.129275
0.0425681
0.593465
0.0563311
0.524735
0.844642
0.22556
0.753963
0.236828
0.937355
0.343148
0.0531051
0.662723
0.209722
0.2855
0.307429
0.289411
0.00754196
0.742349
0.198824
0.55788
0.766467
0.37671
0.679118
0.0965502
0.737727
0.305946
0.491443
0.862789
0.627772
0.169132
0.673384
0.206859
0.0822828
0.475662
0.670236
0.0542975
0.214213
0.465795
0.577759
0.667637
0.00529054
0.406794
0.126751
0.240052
0.172188
0.0318576
0.056135
0.6544
0.339191
0.43838
0.34409
0.602811
0.0530307
0.340942
0.15979
0.363426
0.208762
0.251115
0.804481
0.352534
0.768013
0.265898
0.197731
0.691523
0.0346685
0.0304999
0.00970181
0.614746
0.425544
0.0345845
0.373325
0.00981868
0.0288385
0.884689
0.595696
0.122321
0.017939
0.663555
0.439208
0.783172
0.0179918
0.415015
0.0456196
0.116736
0.00562059
0.243812
0.563419
0.236782
0.355037
0.9619
0.194209
0.900813
0.136931
0.343244
0.0158897
0.481747
0.55306
0.513737
0.264285
0.153526
0.390351
0.427401
0.0900057
0.679119
0.705188
0.609919
0.314483
0.287497
0.450579
0.527301
0.400141
0.872026
0.36517
0.0341003
0.741472
0.603082
0.803052
0.837609
0.563286
0.594098
0.553241
0.354219
0.0229866
0.827874
0.322436
0.418638
0.331444
0.553049
0.0152913
0.517136
0.377723
0.458856
0.337393
0.228096
0.401018
0.662573
0.606827
0.896773
0.611706
0.619879
0.465947
0.195862
0.747248
0.342781
0.736403
0.268938
0.267255
0.117774
0.820465
0.185332
0.0310129
0.195699
0.245971
0.805139
0.295714
0.66816
0.80082
0.41745
0.128598
0.564462
0.346174
0.653172
0.316577
0.750872
0.448364
0.625561
0.585259
0.549931
0.843955
0.255097
0.731089
0.258645
0.211402
0.338506
0.0522751
0.0385276
0.379983
0.458628
0.130535
0.362201
0.371035
0.537705
0.292634
0.182965
0.633005
0.146353
0.0650386
0.609719
0.0551201
0.400025
0.299407
0.101045
0.471352
0.0849357
0.149443
0.775855
0.53535
0.307556
0.111532
0.603828
0.0760119
0.0710368
0.453337
0.481643
0.694866
0.0977083
0.23352
0.0979964
0.72195
0.423016
0.717971
0.273024
0.16175
0.758782
0.43091
0.299453
0.0931241
0.246478
0.0273326
0.247948
0.210998
0.351041
0.214593
0.0683455
0.741444
0.702825
0.858285
0.435701
0.406983
0.240912
0.401763
0.407865
0.0320243
0.576374
0.22009
0.180517
0.560797
0.0234131
0.710265
0.540162
0.20625
0.656691
0.35446
0.385632
0.826557
0.0763805
0.0170675
0.337901
0.427897
0.398596
0.256567
0.268821
0.0972177
0.802916
0.566592
0.493552
0.00714731
0.400024
0.512311
0.0808134
0.300072
0.75099
0.450444
0.293878
0.599831
0.693753
0.0814985
0.127234
0.0892824
0.485415
0.836131
0.923454
0.204616
0.107067
0.369392
0.393146
0.149478
0.233873
0.295734
0.0520333
0.393937
0.157875
0.169205
0.570511
0.405909
0.604553
0.123151
0.668551
0.291274
0.133271
0.388354
0.204905
0.128951
0.310756
0.457151
0.431999
0.0478323
0.206422
0.569581
0.454175
0.239711
0.0399077
0.00233928
0.147357
0.890112
0.51882
0.716694
0.095978
0.45174
0.170322
0.471361
0.725221
0.656055
0.056041
0.454272
0.391617
0.265459
0.375795
0.400037
0.471268
0.583814
0.04676
0.49239
0.439713
0.662312
0.402832
0.350436
0.786864
0.243803
0.398096
0.559471
0.243533
0.587967
0.489124
0.114591
0.621352
0.149705
0.281286
0.196572
0.0858879
0.0536421
0.0402674
0.428534
0.00394921
0.667893
0.620224
0.426858
0.237704
0.525108
0.709325
0.575443
0.443912
0.622
0.110256
0.00997703
0.793532
0.318352
0.413236
0.0766233
0.683962
0.334732
0.607514
0.0362404
0.098098
0.589332
0.255592
0.314577
0.50146
0.106138
0.869721
0.314653
0.376318
0.23079
0.331625
0.470032
0.12208
0.128179
0.255311
0.498537
0.665704
0.131198
0.713799
0.121032
0.548041
0.382995
0.370826
0.275257
0.302828
0.618603
0.311405
0.568672
0.199436
0.749
0.28324
0.0206686
0.061484
0.444046
0.00652114
0.136702
0.25855
0.759809
0.699655
0.0897549
0.0987294
0.420116
0.0933092
0.738824
0.100717
0.932796
0.381572
0.11991
0.36795
0.154889
0.865018
0.843119
0.00719522
0.156793
0.374711
0.761478
0.438146
0.360983
0.16248
0.692128
0.502558
0.459018
0.610519
0.235733
0.342389
0.597124
0.75699
0.463131
0.439792
0.292227
0.354596
0.469525
0.0104224
0.788504
0.48684
0.704704
0.493383
0.492606
0.147661
0.931216
0.17405
0.105475
0.347559
0.341543
0.481189
0.161219
0.0419766
0.63136
0.981173
0.795374
0.0681018
0.54111
0.450023
0.906741
0.227319
0.211701
0.454521
0.259777
0.390592
0.563936
0.841965
0.452112
0.387918
0.0318081
0.382557
0.135582
0.64779
0.260002
0.63356
0.26772
0.291427
0.176524
0.0881289
0.934381
0.502455
0.815342
0.191798
0.303372
0.552792
0.411659
0.455408
0.123324
0.278668
0.51766
0.122812
0.111072
0.353324
0.583877
0.0424252
0.092956
0.199918
0.802722
0.770133
0.820758
0.219208
0.586466
0.334502
0.2047
0.337345
0.0851843
0.284304
0.430133
0.419682
0.926018
0.682228
0.724112
0.237762
0.150163
0.701761
0.181204
0.108879
0.0903939
0.486264
0.698786
0.517671
0.0465459
0.76964
0.590513
0.0312845
0.246677
0.484546
0.129225
0.236885
0.500379
0.385723
0.453451
0.7319
0.331207
0.0690385
0.322995
0.715146
0.133388
0.169722
0.032515
0.31339
0.275395
0.172425
0.603765
0.121156
0.638598
0.0533632
0.361587
0.235441
0.240807
0.317663
0.0321726
0.380375
0.264349
0.399991
0.56786
0.914187
0.351641
0.145292
0.721472
0.270535
0.841304
0.474912
0.210867
0.535682
0.27348
0.107645
0.313366
0.716877
0.186687
0.448339
0.22364
0.546509
0.616075
0.749374
0.111634
0.0205783
0.42852
0.370832
0.0018106
0.977146
0.207254
0.960088
0.419283
0.307447
0.185544
0.112738
0.708844
0.368827
0.136151
0.910642
0.550068
0.124798
0.0857221
0.767594
0.301894
0.741924
0.702768
0.00742207
0.462091
0.302379
0.270147
0.722633
0.603047
0.691573
0.155549
0.216561
0.530563
0.545307
0.0397719
0.15883
0.396238
0.530989
0.111261
0.486362
0.740916
0.140658
0.0951976
0.368764
0.699656
0.373508
0.283093
0.67425
0.120888
0.114352
0.71698
0.197671
0.550739
0.345242
0.482228
0.615559
0.618878
0.0383937
0.0163447
0.530007
0.925693
0.163677
0.797904
0.322091
0.670837
0.0511269
0.434528
0.828529
0.0998318
0.148364
0.100559
0.848631
0.673273
0.288335
0.346234
0.271967
0.052973
0.0303627
0.4284
0.27462
0.205409
0.173917
0.0519681
0.611505
0.0769771
0.358558
0.564133
0.770079
0.26778
0.375369
0.780302
0.865179
0.0689445
0.347685
0.5591
0.103136
0.368385
0.0234591
0.0191014
0.0206597
0.271157
0.584009
0.340389
0.633188
0.260172
0.304216
0.242589
0.000116372
0.188773
0.790785
0.243483
0.24509
0.132148
0.0140798
0.507314
0.00598158
0.115326
0.0855917
0.210604
0.116925
0.0522724
0.622453
0.697431
0.0927189
0.195643
0.364952
0.291783
0.172793
0.442185
0.75629
0.721704
0.797237
0.800345
0.742629
0.120624
0.39497
0.785626
0.444533
0.356742
0.726902
0.224628
0.449876
0.442994
0.354881
0.349432
0.336075
0.0762596
0.13684
0.365499
0.722684
0.399888
0.14737
0.0647959
0.172599
0.0673703
0.16948
0.370975
0.649508
0.417839
0.13578
0.118819
0.132567
0.95162
0.485905
0.168011
0.882144
0.20359
0.102968
0.0220467
0.169531
0.356876
0.770542
0.264374
0.054038
0.876453
0.699148
0.292979
0.80608
0.3126
0.303575
0.613783
0.0794488
0.229689
0.531578
0.443212
0.0840776
0.592193
0.619118
0.772298
0.414562
0.757386
0.390671
0.557585
0.226441
0.0604528
0.0313035
0.511591
0.342854
0.816896
0.403177
0.198045
0.433632
0.188954
0.229668
0.369787
0.680282
0.239477
0.431345
0.0707394
0.765406
0.0307125
0.42318
0.637387
0.569439
0.0956668
0.666754
0.783648
0.115475
0.919349
0.449598
0.426947
0.381167
0.528267
0.372402
0.707318
0.268735
0.250648
0.093782
0.308446
0.847588
0.583954
0.479613
0.240666
0.31432
0.315727
0.331757
0.247617
0.235926
0.331843
0.0652344
0.673344
0.693823
0.528701
0.70933
0.428804
0.558144
0.155425
0.655366
0.00121255
0.105781
0.686615
0.338469
0.234224
0.0193379
0.077306
0.161933
0.398615
0.575144
0.165922
0.37521
0.243062
0.58162
0.111356
0.411381
0.135928
0.163418
0.359571
0.134558
0.479975
0.28132
0.630359
0.18833
0.341152
0.310089
0.345254
0.368628
0.554832
0.557323
0.601616
0.306623
0.267665
0.686339
0.411818
0.382714
0.369568
0.0421339
0.576727
0.110596
0.0924158
0.337523
0.217244
0.216916
0.0334838
0.348508
0.141534
0.319539
0.867697
0.271225
0.585456
0.61265
0.263565
0.588978
0.229753
0.274602
0.601094
0.553414
0.871054
0.49863
0.618252
0.629874
0.258322
0.118177
0.796386
0.510315
0.39109
0.590534
0.386981
0.268784
0.227807
0.370828
0.159955
0.049469
0.750528
0.572017
0.339537
0.0891638
0.0288486
0.716366
0.807733
0.381789
0.318283
0.506209
0.186557
0.487617
0.957348
0.116185
0.116077
0.155519
0.182274
0.814259
0.240337
0.471069
0.107307
0.367543
0.45039
0.35162
0.0245543
0.218578
0.216537
0.634495
0.801319
0.318754
0.27822
0.336508
0.0631998
0.779691
0.204307
0.475422
0.457529
0.397517
0.211947
0.554489
0.373613
0.269579
0.561909
0.266609
0.440076
0.502408
0.9202
0.0587452
0.976822
0.34953
0.316177
0.597397
0.902794
0.638406
0.805563
0.787038
0.118618
0.204201
0.374153
0.544987
0.854451
0.222431
0.395436
0.515495
0.0162951
0.834916
0.754611
0.514616
0.037564
0.286063
0.161654
0.0800044
0.694
0.330967
0.0202819
0.0735019
0.724037
0.0110318
0.367301
0.100832
0.526517
0.39718
0.626384
0.582
0.532839
0.787431
0.368857
0.691978
0.0623185
0.0803309
0.269739
0.598217
0.578033
0.278479
0.802191
0.854776
0.179014
0.628768
0.0381308
0.00569456
0.356734
0.236149
0.196246
0.0820936
0.0229145
0.363209
0.0658352
0.820709
0.0493342
0.402185
0.278833
0.270717
0.800847
0.260446
0.266383
0.478244
0.866779
0.0682064
0.264112
0.22814
0.789918
0.591612
0.53231
0.302356
0.991506
0.486566
0.524987
0.65725
0.392485
0.213677
0.371627
0.710564
0.276213
0.411298
0.422544
0.414408
0.098312
0.191981
0.1086
0.0697427
0.289872
0.015965
0.254318
0.092109
0.400625
0.316619
0.475377
0.0417296
0.731454
0.433966
0.0528834
0.168905
0.172712
0.293931
0.70287
0.10757
0.585165
0.503382
0.255844
0.544807
0.757332
0.0303612
0.263947
0.796673
0.232201
0.379128
0.088557
0.0696826
0.620975
0.508832
0.435909
0.630858
0.212074
0.0176492
0.591249
0.240254
0.762685
0.634179
0.311608
0.319121
0.46482
0.58954
0.201929
0.839544
0.77626
0.176322
0.167818
0.355644
0.00434341
0.848767
0.566746
0.518304
0.251134
0.15581
0.312705
0.184751
0.271157
0.193184
0.411681
0.154902
0.041039
0.159401
0.645821
0.154184
0.350362
0.74108
0.126024
0.342329
0.197025
0.84481
0.03548
0.61891
0.112442
0.522683
0.104807
0.304099
0.00993233
0.575898
0.198465
0.240819
0.424406
0.150316
0.240937
0.717703
0.461833
0.571157
0.286212
0.314294
0.630403
0.669943
0.463306
0.682206
0.139077
0.296552
0.581462
0.798377
0.377252
0.22297
0.877982
0.753438
0.0338245
0.279122
0.743619
0.0703147
0.367801
0.0688509
0.505388
0.143833
0.267453
0.0630054
0.653143
0.0526372
0.368601
0.0398236
0.00177042
0.0167993
0.508326
0.0753113
0.0192938
0.628787
0.410009
0.000663977
0.479283
0.188897
0.25849
0.176373
0.513607
0.492414
0.889671
0.673519
0.200031
0.417139
0.799254
0.396518
0.156034
0.112009
0.35082
0.396084
0.795412
0.708551
0.62322
0.105974
0.14517
0.0420883
0.315272
0.364042
0.12638
0.141847
0.105624
0.548278
0.329689
0.615528
0.603318
0.749783
0.340897
0.05895
0.364557
0.161546
0.843852
0.489911
0.299147
0.899086
0.477889
0.168629
0.365483
0.752641
0.26679
0.626841
0.502812
0.511103
0.629041
0.422717
0.948826
0.189489
0.249845
0.648058
0.539901
0.0491282
0.673712
0.244773
0.747294
0.790331
0.290678
0.169197
0.13026
0.536722
0.70939
0.899592
0.540632
0.24476
0.10089
0.283541
0.635442
0.594117
0.315823
0.359333
0.448321
0.100638
0.0324337
0.505603
0.548386
0.143274
0.503378
0.362068
0.60926
0.370782
0.776847
0.681684
0.275648
0.178405
0.0383046
0.587089
0.137815
0.219858
0.610615
0.665851
0.47379
0.189415
0.89866
0.0865356
0.157123
0.0777337
0.564239
0.197638
0.627292
0.0620376
0.33919
0.706517
0.184005
0.51283
0.810811
0.404064
0.747144
0.860314
0.253081
0.628264
0.424811
0.247916
0.278845
0.254731
0.139566
0.0733251
0.502394
0.916902
0.0162073
0.58616
0.292159
0.601671
0.166259
0.287953
0.47818
0.119655
0.208357
0.20548
0.679098
0.619633
0.765028
0.0853748
0.616844
0.393709
0.278076
0.171848
0.102841
0.174533
0.816961
0.362345
0.112258
0.159912
0.200812
0.32725
0.0391301
0.266721
0.0127737
0.301475
0.503704
0.0991776
0.443293
0.581044
0.304455
0.373462
0.103489
0.740315
0.221523
0.355839
0.294732
0.898259
0.786582
0.751799
0.00591007
0.159797
0.166549
0.419921
0.255607
0.359474
3.17112e-05
0.201993
0.303431
0.240018
0.104865
0.112582
0.434781
0.222944
0.0666294
0.599932
0.166602
0.231498
0.0162856
0.720584
0.234669
0.624169
0.437799
0.539563
0.682617
0.867483
0.848561
0.138701
0.779198
0.628118
0.367232
0.406324
0.0721667
0.300716
0.53819
0.758793
0.278053
0.832548
0.206204
0.672059
0.523339
0.301017
0.771995
0.459321
0.0688546
0.305919
0.132508
0.140229
0.21609
0.279664
0.353913
0.376873
0.169961
0.649038
0.390166
0.477369
0.0535565
0.227441
0.429826
0.525098
0.560812
0.213386
0.169547
0.212922
0.378377
0.411813
0.336212
0.618719
0.567737
0.362218
0.350985
0.723066
0.277946
0.127905
0.393515
0.895981
0.32073
0.00913106
0.23602
0.614047
0.232261
0.180939
0.790493
0.573016
0.137182
0.414856
0.213344
0.0868425
0.44831
0.163367
0.89567
0.735236
0.372134
0.621868
0.400512
0.286156
0.262242
0.697156
0.356733
0.00904102
0.0829563
0.168115
0.215413
0.502761
0.330493
0.430564
0.207472
0.0232328
0.368484
0.554153
0.960747
0.9364
0.885452
0.819581
0.504797
0.267957
0.297888
0.0257166
0.205849
0.50988
0.624221
0.11916
0.577328
0.197289
0.0591187
0.905235
0.164203
0.369725
0.124809
0.0941472
0.0627211
0.720343
0.660646
0.150479
0.394338
0.779138
0.204161
0.0784269
0.416949
0.0260447
0.809258
0.0606076
0.555003
0.370111
0.678328
0.00693866
0.0302624
0.124735
0.561881
0.102103
0.306455
0.55139
0.19198
0.450302
0.145892
0.118842
0.184088
0.395006
0.139423
0.101868
0.280402
0.592402
0.425364
0.443717
0.602552
0.000585281
0.403007
0.114777
0.619438
0.0755763
0.578678
0.946127
0.440667
0.756648
0.0102147
0.544102
0.596658
0.0679433
0.279022
0.0222817
0.367551
0.211237
0.0397387
0.259272
0.101851
0.224913
0.872166
0.495181
0.154846
0.69626
0.398741
0.259551
0.098588
0.359017
0.310748
0.142203
0.430847
0.214736
0.306235
0.594918
0.148243
0.236117
0.507354
0.199963
0.222082
0.281723
0.31909
0.319927
0.534976
0.330797
0.872875
0.280215
0.361589
0.586598
0.460779
0.890681
0.0738361
0.733218
0.378463
0.301039
0.0194613
0.38083
0.084037
0.260613
0.133052
0.54171
0.591693
0.126182
0.805689
0.714862
0.650127
0.663043
0.750821
0.386354
0.152617
0.570212
0.286737
0.444981
0.574745
0.541665
0.635769
0.0253784
0.355125
0.0442743
0.607065
0.133719
0.448262
0.666365
0.0235503
0.0899961
0.056992
0.0358144
0.320397
0.233607
0.208372
0.0478251
0.323616
0.380198
0.383174
0.0925333
0.194972
0.0803918
0.444786
0.531546
0.576217
0.610768
0.364795
0.481394
0.287942
0.290112
0.799245
0.0217193
0.231075
0.055529
0.603454
0.0443219
0.827885
0.734854
0.191158
0.592998
0.0441721
0.553509
0.107862
0.111979
0.092065
0.034836
0.270971
0.181397
0.26672
0.660271
0.566147
0.565832
0.278764
0.073341
0.352519
0.114098
0.519998
0.363265
0.26212
0.849839
0.0770244
0.331033
0.200036
0.373938
0.526244
0.215333
0.232485
0.0207341
0.475952
0.404666
0.0194646
0.634312
0.814829
0.295952
0.155631
0.221893
0.134825
0.0178538
0.823776
0.391065
0.198163
0.1762
0.195096
0.565271
0.930718
0.0175793
0.0442217
0.257979
0.520476
0.612726
0.228052
0.747699
0.385926
0.062354
0.631477
0.740948
0.238551
0.538229
0.0597721
0.544702
0.279019
0.0377005
0.420837
0.575085
0.448798
0.233544
0.0582428
0.151351
0.487439
0.215156
0.172964
0.118305
0.414543
0.480852
0.318011
0.276972
0.336183
0.173791
0.103822
0.661711
0.382332
0.0411252
0.422957
0.666474
0.212312
0.0128461
0.266695
0.446048
0.496213
0.158891
0.18759
0.751121
0.457885
0.184281
0.13657
0.455249
0.185619
0.0199702
0.243771
0.628093
0.472432
0.391772
0.372471
0.535726
0.299474
0.111502
0.000424677
0.297573
0.829245
0.637301
0.406294
0.0946588
0.0195183
0.400013
0.556038
0.13268
0.608563
0.615689
0.543486
0.00537038
0.0385424
0.308731
0.190029
0.646198
0.432086
0.445705
0.397917
0.397274
0.132503
0.247048
0.0447582
0.646106
0.00138935
0.268556
0.643621
0.0655112
0.191383
0.582951
0.63548
0.357261
0.406091
0.431142
0.110381
0.304379
0.65473
0.128174
0.345774
0.129845
0.605822
0.49357
0.249731
0.0667096
0.798363
0.90977
0.215978
0.216035
0.143236
0.148854
0.771508
0.186566
0.360481
0.566022
0.159026
0.812684
0.0695377
0.121861
0.562178
0.00583391
0.134363
0.874207
0.0373999
0.657033
0.547894
0.081287
0.96877
0.635519
0.118113
0.105625
0.847201
0.836656
0.775976
0.0891868
0.221194
0.448882
0.654282
0.19574
0.106746
0.0783204
0.970094
0.101018
0.195464
0.814491
0.248008
0.507125
0.713593
0.621618
0.0421519
0.265992
0.361756
0.485432
0.428486
0.523092
0.104399
0.304911
0.894293
0.241349
0.553812
0.799171
0.596001
0.30992
0.166876
0.59248
0.355314
0.494933
3.24637e-05
0.388128
0.259647
0.666094
0.0412227
0.596092
0.0912314
0.168581
0.286162
0.269715
0.378891
0.89385
0.0665235
0.829573
0.515865
0.752989
0.0459622
0.479867
0.657538
0.363597
0.202192
0.217885
0.0115798
0.662612
0.0664932
0.124385
0.0894463
0.38801
0.213519
0.31499
0.286161
0.598252
0.559452
0.347929
0.565778
0.840574
0.89292
0.0177476
0.261662
0.635824
0.251769
0.0166407
0.483454
0.0239732
0.712296
0.302466
0.381928
0.232634
0.0129053
0.352201
0.0635023
0.38423
0.290229
0.636173
0.0372068
0.199866
0.483718
0.81231
0.352248
0.558593
0.0632413
0.632475
0.435266
0.0735602
0.681414
0.210467
0.344926
0.00359775
0.228701
0.5906
0.5377
0.419914
0.483227
0.419434
0.247504
0.375108
0.619045
0.0337899
0.020016
0.617852
0.570792
0.163385
0.119091
0.00900103
0.612016
0.38567
0.611871
0.110783
0.279237
0.309619
0.318691
0.367285
0.270146
0.747249
0.666449
0.0801508
0.342192
0.0539005
0.0916495
0.636768
0.722095
0.640427
0.703074
0.0497789
0.357897
0.669813
0.0532327
0.00436496
0.184858
0.172693
0.285676
0.66039
0.0374022
0.0117437
0.280493
0.735148
0.499279
0.773529
0.509982
0.227888
0.0184486
0.132084
0.481997
0.449306
0.592757
0.469761
0.521569
0.538409
0.364031
0.605446
0.378545
0.148773
0.355974
0.241006
0.833047
0.184673
0.466278
0.601852
0.741301
0.743432
0.862555
0.600088
0.0336409
0.61303
0.130205
0.306985
0.296114
0.786262
0.0203596
0.263652
0.949827
0.497305
0.75636
0.0142462
0.843522
0.0300932
0.704467
0.54294
0.793092
0.0506126
0.672021
0.0214245
0.271321
0.15601
0.227785
0.562535
0.577412
0.218394
0.37995
0.437818
0.126563
0.65407
0.721239
0.347687
0.699295
0.266538
0.55517
0.673777
0.207638
0.293409
0.0972458
0.33957
0.243634
0.553054
0.620948
0.0241638
0.360114
0.160351
0.343377
0.56731
0.175216
0.013326
0.671612
0.574729
0.264462
0.395857
0.451087
0.298655
0.297505
0.498608
0.563273
0.205013
0.26932
0.0582339
0.241319
0.102756
0.097313
0.868468
0.368468
0.314293
0.706777
0.267653
0.603184
0.232332
0.916609
0.20666
0.78208
0.399433
0.171214
0.394359
0.527176
0.726683
0.352964
0.338502
0.914633
0.388849
0.986492
0.496676
0.92632
0.0758546
0.0156915
0.245447
0.112022
0.436522
0.0189401
0.987538
0.00619071
0.632465
0.0770945
0.727394
0.291136
0.541992
0.741605
0.6812
0.0551877
0.149403
0.474472
0.589678
0.848337
0.693498
0.243236
0.255377
0.128732
0.243489
0.375011
0.224476
0.444427
0.313797
0.360805
0.605342
0.0835797
0.186436
0.56304
0.0184299
0.319567
0.452017
0.229621
0.214923
0.462735
0.25045
0.537875
0.632442
0.469018
0.699619
0.345409
0.235505
0.198914
0.147609
0.669468
0.0661208
0.720574
0.32263
0.0930877
0.867467
0.641672
0.196094
0.639126
0.543307
0.0789818
0.285197
0.749586
0.347601
0.14081
0.432179
0.07339
0.400775
0.168996
0.532035
0.26695
0.431956
0.170638
0.488904
0.596109
0.611741
0.240117
0.348353
0.655467
0.0326863
0.837066
0.0842124
0.0987065
0.627238
0.497698
0.648637
0.236446
0.757856
0.19944
0.24443
0.383315
0.547084
0.497025
0.303187
0.738117
0.81972
0.563814
0.966694
0.215492
0.0922484
0.187932
0.0697141
0.32712
0.273877
0.0581015
0.0109571
0.20729
0.191411
0.272959
0.093842
0.526154
0.552481
0.268239
0.461601
0.100478
0.560082
0.0528619
0.572518
0.441421
0.542098
0.288539
0.709004
0.299258
0.297374
0.388425
0.22205
0.0464199
0.334196
0.126527
0.812684
0.305089
0.585038
0.103154
0.171848
0.705185
0.571239
0.903885
0.184921
0.526076
0.151576
0.171102
0.526324
0.636794
0.330476
0.463807
0.457066
0.667641
0.864934
0.818321
0.133584
0.659939
0.277857
0.0574309
0.160183
0.158075
0.495492
0.401757
0.420394
0.0227199
0.312546
0.373776
0.18456
0.500583
0.107637
0.127514
0.747392
0.602353
0.0589135
0.386739
0.429234
0.607895
0.364672
0.648209
0.237389
0.368948
0.0641561
0.160459
0.119552
0.742629
0.747124
0.403527
0.267439
0.653288
0.525658
0.801531
0.769581
0.577598
0.364051
0.222683
0.347758
0.0401169
0.2719
0.822157
0.316072
0.507824
0.281814
0.441231
0.0799502
0.260927
0.761128
0.0668466
0.488571
0.255676
0.356332
0.330282
0.431362
0.308089
0.04885
0.541595
0.927445
0.336957
0.420924
0.119129
0.573194
0.0848569
0.788574
0.174359
0.447273
0.433864
0.652892
0.0925782
0.310905
0.00572428
0.271354
0.45936
0.217791
0.598135
0.34986
0.864752
0.498401
0.185209
0.52138
0.365832
0.0895431
0.336067
0.627697
0.666965
0.638273
0.890156
0.865902
0.703777
0.324275
0.619715
0.341301
0.571655
0.539023
0.898277
0.16742
0.525253
0.0697646
0.872744
0.160624
0.208668
0.542824
0.0864592
0.514487
0.525919
0.284371
0.66027
0.173556
0.453872
0.38433
0.440779
0.472284
0.144522
0.257165
0.661076
0.153371
0.832235
0.490077
0.653833
0.820197
0.436825
0.0702271
0.306723
0.569828
0.35701
0.412434
0.378663
0.563583
0.598332
0.384883
0.234315
0.411549
0.112611
0.643426
0.717002
0.607138
0.469449
0.0440867
0.733393
0.215966
0.195919
0.553611
0.1372
0.00997609
0.288138
0.213935
0.122872
0.801233
0.0309715
0.868322
0.380047
0.266058
0.210946
0.25647
0.00743316
0.194016
0.159371
0.0751931
0.37186
0.0743277
0.747184
0.0446432
0.617906
0.113674
0.112559
0.906583
0.712459
0.00866347
0.266655
0.149461
0.230435
0.145692
0.733965
0.010918
0.0163897
0.187973
0.436643
6.46905e-06
0.286356
0.0425377
0.25808
0.290258
0.438013
0.403111
0.520813
0.274352
0.0780883
0.789395
0.881432
0.254213
0.692022
0.196613
0.312662
0.626829
0.1443
0.204758
0.216973
0.0509398
0.615234
0.644083
0.361804
0.0899383
0.436989
0.627604
0.442682
0.0845722
0.682332
0.199535
0.601942
0.844123
0.666935
0.807051
0.325099
0.176243
0.323845
0.550491
0.23566
0.678497
0.57768
0.190406
0.960069
0.342342
0.935356
0.445094
0.705471
0.375574
0.315479
0.418985
0.570322
0.0880631
0.0234841
0.304963
0.584106
0.283856
0.197765
0.928449
0.0193309
0.165854
0.113256
0.310708
0.169545
0.328085
0.493125
0.462117
0.792272
0.671353
0.46052
0.570571
0.634586
0.134695
0.227814
0.478115
0.215011
0.0137115
0.0953969
0.0790662
0.774065
0.443307
0.475777
0.785884
0.689877
0.167653
0.181005
0.200362
0.695402
0.496964
0.502425
0.691422
0.157177
0.128696
0.270242
0.168969
0.289356
0.478397
0.0547793
0.324529
0.66285
0.257074
0.0446724
0.407588
0.195759
0.68687
0.199428
0.184378
0.181848
0.624793
0.065001
0.0498444
0.307213
0.569211
0.364945
0.26333
0.743032
0.233827
0.654831
0.78884
0.0202342
0.53945
0.677133
0.0994258
0.116624
0.548353
0.559074
0.0364573
0.606995
0.171014
0.404265
0.629345
0.509619
0.613108
0.0502225
0.526677
0.299939
0.00751359
0.10561
0.939821
0.209911
0.383799
0.371463
0.0458565
0.226985
0.548701
0.0820838
0.106972
0.0305422
0.249533
0.623068
0.104538
0.580436
0.582799
0.815767
0.0442108
0.689286
0.0701465
0.451189
0.391716
0.396023
0.621285
0.0131157
0.729725
0.573099
0.342025
0.724008
0.466323
0.471627
0.666864
0.671642
0.639407
0.726287
0.519036
0.12738
0.126786
0.0691033
0.262118
0.575159
0.369956
0.167262
0.349483
0.719727
0.670401
0.326503
0.838211
0.22452
0.396576
0.538493
0.282426
0.36995
0.830342
0.388956
0.247972
0.582377
0.594875
0.144385
0.33206
0.00203232
0.521366
0.429735
0.601929
0.406598
0.233399
0.548627
0.11074
0.27403
0.280492
0.359494
0.0935823
0.135891
0.793217
0.190297
0.0811444
0.65883
0.0817127
0.635464
0.517039
0.70549
0.35635
0.481019
0.00785657
0.73082
0.950012
0.35717
0.236937
0.377211
0.185637
0.172473
0.0608221
0.619777
0.799583
0.462174
0.236732
0.0229201
0.0596423
0.288347
0.031735
0.146653
0.0939518
0.525084
0.774364
0.215543
0.552556
0.183362
0.729038
0.278506
0.30001
0.699997
0.115797
0.794833
0.506268
0.291071
0.454661
0.156995
0.0192089
0.0855533
0.0672141
0.713854
0.464009
0.356623
0.261281
0.834944
0.00807874
0.285161
0.109678
0.117529
0.924688
0.0851206
0.0702274
0.217631
0.558909
0.399518
0.530581
0.255215
0.380656
0.257541
0.0288584
0.129766
0.720469
0.261872
0.0993017
0.452797
0.330563
0.0660861
0.233767
0.621771
0.291083
0.0753273
0.415006
0.181053
0.337917
0.397618
0.0590848
0.424126
0.16896
0.125543
0.586889
0.928018
0.149486
0.174616
0.188817
0.460124
0.567613
0.899405
0.391494
0.879389
0.251002
0.561576
0.146512
0.243406
0.103656
0.0296206
0.490979
0.0976997
0.155128
0.815921
0.126791
0.520836
0.784532
0.45467
0.0869289
0.461743
0.551859
0.902146
0.474231
0.240977
0.303607
0.591072
0.40049
0.472784
0.0307223
0.0773027
0.33625
0.705556
0.216003
0.06988
0.321977
0.531116
0.65584
0.586048
0.817003
0.535821
0.56759
0.630083
0.160218
0.259682
0.0735902
0.587234
0.612968
0.0323116
0.372627
0.0675044
0.229975
0.60197
0.881807
0.622772
0.242474
0.304609
0.22705
0.303279
0.0011861
0.295729
0.197433
0.376486
0.406469
0.294675
0.863819
0.57609
0.503543
0.0600835
0.69034
0.297176
0.575992
0.0952235
0.470862
0.367565
0.402542
0.445372
0.318177
0.456107
0.539304
0.470073
0.179259
0.191253
0.823807
0.350669
0.543842
0.100597
0.626792
0.534349
0.590636
0.774462
0.748401
0.266056
0.13448
0.750447
0.88281
0.303047
0.396867
0.502414
0.231465
0.22257
0.334841
0.80745
0.486909
0.126348
0.341403
0.279805
0.325271
0.286481
0.120492
0.0823972
0.788246
0.41026
0.000110977
0.25842
0.180143
0.582662
0.134679
0.28124
0.091421
0.315491
0.239719
0.450514
0.458292
0.497292
0.291986
0.0455386
0.477128
0.439245
0.169192
0.0531699
0.00420181
0.220003
0.753781
0.277938
0.446194
0.841401
0.0443677
0.244533
0.125208
0.498874
0.476405
0.366297
0.235323
0.60346
0.45567
0.374647
0.0434152
0.204101
0.323225
0.428672
0.736969
0.497368
0.146415
0.594236
0.753623
0.317502
0.71507
0.843204
0.544111
0.104212
0.00880342
0.592201
0.575207
0.350701
0.499944
0.406061
0.132017
0.607202
0.241799
0.468732
0.402344
0.370596
0.365227
0.889205
0.524206
0.107633
0.620155
0.605087
0.622352
0.0817202
0.209781
0.272165
0.317159
0.87347
0.625671
0.243493
0.195369
0.102098
0.596129
0.0741732
0.705208
0.686619
0.874966
0.510742
0.359754
0.110151
0.411036
0.170136
0.417035
0.420107
0.493058
0.0673211
0.0105309
0.322423
0.388124
0.403571
0.0128475
0.241248
0.672809
0.511378
0.754282
0.0153364
0.253966
0.232189
0.0653485
0.163568
0.233906
0.75166
0.260306
0.335966
0.244842
0.119931
0.440463
0.427834
0.897471
0.866741
0.598122
0.266132
0.981998
0.0273608
0.618781
0.400932
0.307329
0.477998
0.784797
0.500068
0.177683
0.70392
0.481266
0.0441855
0.235683
0.715242
0.583782
0.601149
0.0165377
0.524946
0.388827
0.426828
0.362168
0.198013
0.514485
0.739893
0.27773
0.28301
0.052943
0.826048
0.0870411
0.329764
0.423803
0.0674971
0.0554703
0.209279
0.50007
0.365467
0.883422
0.152116
0.23815
0.0357931
0.622753
0.139358
0.883977
0.311935
0.544476
0.18566
0.119245
0.667421
0.633934
0.234836
0.321033
0.296127
0.199902
0.0539126
0.0375054
0.0302109
0.329188
0.64852
0.794986
0.322025
0.257883
0.788014
0.530859
0.683725
0.13711
0.515097
0.000506969
0.661292
0.200233
0.169905
0.427409
0.00320113
0.0583358
0.190481
0.667027
0.468945
0.698418
0.264333
0.212067
0.389965
0.634038
0.177243
0.747849
0.884963
0.582913
0.353308
0.367902
0.159116
0.51347
0.327638
0.709743
0.530473
0.266764
0.257056
0.525983
0.576036
0.110615
0.152441
0.120695
0.3662
0.605812
0.510058
0.439969
0.334982
0.252084
0.0924037
0.450865
0.813812
0.516398
0.266297
0.029447
0.236478
0.718488
0.518009
0.306428
0.278195
0.287741
0.699279
0.0345399
0.0103298
0.170972
0.325604
0.340793
0.125502
0.553631
0.0106016
0.83842
0.622461
0.923647
0.168631
0.0264356
0.640294
0.268556
0.719074
0.358719
0.621505
0.0301388
0.318184
0.138307
0.00934315
0.326786
0.198593
0.0953408
0.277511
0.176429
0.211146
0.816144
0.397404
0.747683
0.101699
0.767962
0.387217
0.393513
0.556638
0.139774
0.820138
0.506956
0.313516
0.789258
0.0613773
0.154532
0.459981
0.272453
0.835527
0.847931
0.675929
0.00715938
0.100727
0.107291
0.445345
0.226853
0.778744
0.694936
0.656207
0.524519
0.734564
0.0464321
0.000763403
0.225439
0.695514
0.675145
0.162708
0.849729
0.0589097
0.0828613
0.10503
0.0609117
0.138766
0.634746
0.663336
0.481994
0.260177
0.193676
0.426203
0.383558
0.0542773
0.739004
0.664841
0.560073
0.844804
0.53291
0.304993
0.77309
0.197376
0.465419
0.422223
0.190985
0.0900254
0.00421261
0.239531
0.199131
0.283472
0.216531
0.500335
0.0373343
0.465232
0.0597577
0.0112745
0.167384
0.386543
0.38763
0.800826
0.352799
0.603942
0.534436
0.201151
0.550171
0.550275
0.585267
0.432605
0.211188
0.614386
0.186078
0.00622382
0.636777
0.393363
0.0290896
0.00845673
0.0956217
0.526497
0.066982
0.359395
0.0678384
0.0841494
0.412941
0.612186
0.516602
0.0314783
0.677627
0.84153
0.508446
0.615758
0.540706
0.0914088
0.601825
0.253475
0.0591082
0.332142
0.708361
0.0951498
0.0129716
0.367025
0.716421
0.0153006
0.206922
0.444978
0.477052
0.212233
0.11604
0.235272
0.664999
0.0948185
0.359917
0.705893
0.193476
0.202909
0.863632
0.254295
0.330789
0.409246
0.485568
0.479069
0.549566
0.0643839
0.12283
0.675634
0.0616203
0.346292
0.984047
0.339338
0.224734
0.0896987
0.287826
0.540681
0.930701
0.564186
0.085575
0.524199
0.564325
0.657229
0.128779
0.588982
0.527753
0.783595
0.247675
0.19994
0.302377
0.610661
0.196922
0.614431
0.324128
0.0836345
0.24995
0.8151
0.432878
0.117077
0.628765
0.163263
0.111752
0.599903
0.219365
0.817665
0.51606
0.363101
0.613846
0.00506658
0.135036
0.158694
0.370082
0.59464
0.947042
0.530952
0.481698
0.401981
0.320332
0.155012
0.726419
0.00222396
0.39052
0.168954
0.208253
0.886123
0.37019
0.782342
0.295945
0.117616
0.100111
0.686433
0.437077
0.66735
0.417673
0.657032
0.389707
0.0257746
0.0252116
0.464229
0.43071
0.732155
0.481474
0.139147
0.27518
0.53768
0.871099
0.644282
0.613321
0.226255
0.522041
0.685472
0.423239
0.470229
0.217098
0.323218
0.582289
0.817057
0.314138
0.244994
0.631991
0.34556
0.474725
0.446162
0.485276
0.0928175
0.522017
0.33357
0.0310303
0.798574
0.141354
0.320439
0.265655
0.125348
0.104489
0.698363
0.0812711
0.147955
0.467254
0.0913255
0.342653
0.358401
0.537379
0.117891
0.200296
0.557643
0.161013
0.295384
0.0414723
0.20862
0.227447
0.654414
0.56048
0.698854
0.914977
0.173655
0.375804
0.361878
0.0673673
0.367225
0.682889
0.326162
0.884339
0.228487
0.388189
0.25839
0.0491976
0.505968
0.0769229
0.0138858
0.163804
0.353336
0.547865
0.134146
0.262594
0.209625
0.485821
0.22045
0.212733
0.322243
0.228527
0.0967879
0.357996
0.108055
0.497496
0.416925
0.134919
0.761349
0.296377
0.406306
0.226719
0.034425
0.466398
0.480006
0.380145
0.344609
0.151614
0.457196
0.0420765
0.293218
0.285629
0.042006
0.860802
0.414286
0.0532254
0.867278
0.13736
0.0548115
0.151138
0.316186
0.0995788
0.197246
0.659933
0.446026
0.205856
0.259629
0.574617
0.0705328
0.207213
0.135295
0.528914
0.388396
0.0242551
0.504104
0.955078
0.088249
0.147537
0.318943
0.0633777
0.180827
0.41757
0.180687
0.81333
0.189848
0.708042
0.126972
0.288955
0.225085
0.255926
0.329521
0.221323
0.117119
0.331852
0.0305442
0.142739
0.463296
0.614575
0.218745
0.0807913
0.30024
0.639277
0.680959
0.444323
0.307983
0.688862
0.425104
0.168867
0.199669
0.0520523
0.430089
0.344273
0.0546453
0.390447
0.165096
0.658792
0.413175
0.230729
0.276526
0.0891449
0.318662
0.437651
0.536755
0.0361129
0.63131
0.446093
0.681613
0.229795
0.423968
0.0150745
0.0682689
0.763733
0.768364
0.21982
0.208776
0.38215
0.0159629
0.827276
0.687813
0.531288
0.384844
0.489458
0.112758
0.60011
0.312555
0.535142
0.528271
0.110145
0.544066
0.0458317
0.46066
0.0386967
0.0967167
0.280856
0.112308
0.552777
0.390324
0.344384
0.385242
0.7205
0.494791
0.274764
0.444672
0.994189
0.0399267
0.65774
0.254418
0.385604
0.260839
0.70534
0.057181
0.188677
0.122595
0.0366792
0.510389
0.0626193
0.299191
0.593373
0.117695
0.146972
0.597702
0.677895
0.428783
0.629067
0.0466027
0.3605
0.462926
0.278676
0.336972
0.361523
0.141751
0.227985
0.323145
0.343822
0.291853
0.472347
0.149242
0.140073
0.112798
0.0900589
0.0549687
0.522481
0.609663
0.238933
0.11208
0.158192
0.34089
0.630885
0.170293
0.763522
0.164643
0.0330945
0.628665
0.637355
0.820631
0.154865
0.340807
0.680572
0.256995
0.784246
0.0551047
0.325558
0.899825
0.667707
0.228035
0.504026
0.226333
0.257742
0.508639
0.259204
0.741892
0.487912
0.0239213
0.856005
0.0603968
0.026661
0.0295453
0.687059
0.961821
0.650868
0.20085
0.270295
0.795299
0.526863
0.00898508
0.0693356
0.170225
0.236065
0.0256745
0.0743357
0.090707
0.841258
0.730511
0.0350448
0.549605
0.439107
0.226113
0.472151
0.103334
0.577625
0.687424
0.13368
0.00122538
0.187411
0.307026
0.700616
0.345864
0.259766
0.0298232
0.557195
0.318161
0.371978
0.821736
0.602364
0.0105081
0.740406
0.477628
0.326848
0.479285
0.260352
0.412229
0.344361
0.691655
0.626432
0.380343
0.183903
0.501503
0.719207
0.218972
0.233032
0.332826
0.626912
0.787457
0.747297
0.635845
0.805094
0.722365
0.455834
0.706328
0.369404
0.0387028
0.321655
0.525349
0.392741
0.601774
0.487527
0.302992
0.605779
0.341559
0.469021
0.277965
0.860251
0.0293854
0.0660085
0.617464
0.565837
0.443902
0.106279
0.0133129
0.164765
0.0500209
0.404174
0.0536728
0.090841
0.171961
0.183518
0.223766
0.134241
0.040309
0.616996
0.412539
0.835609
0.462146
0.091992
0.207751
0.499093
0.209702
0.537248
0.317303
0.470825
0.31537
0.733498
0.0728338
0.606913
0.224627
0.239806
0.156481
0.554862
0.284108
0.659468
0.411767
0.215363
0.248646
0.178853
0.127969
0.155397
0.529689
0.1238
0.268506
0.608682
0.106147
0.203063
0.212117
0.00906874
0.777383
0.309078
0.625536
0.471767
0.482071
0.755463
0.0769224
0.210378
0.87232
0.649137
0.191391
0.143277
0.239615
0.249917
0.364933
0.0271548
0.586084
0.432114
0.673941
0.898829
0.0781618
0.459497
0.688515
0.373724
0.329854
0.767899
0.0864362
0.146852
0.644266
0.845285
0.0455453
0.289166
0.437784
0.538479
0.71933
0.439944
0.0409628
0.413036
0.576193
0.238584
0.848532
0.00787185
0.000249595
0.221278
0.593032
0.619324
0.459558
0.893307
0.528533
0.0299483
0.06133
0.269541
0.722869
0.39668
0.527122
0.0549449
0.216967
0.558121
0.681459
0.487697
0.0671842
0.274987
0.729018
0.00214916
0.32071
0.261753
0.700777
0.594063
0.0710743
0.122844
0.87798
0.436287
0.470089
0.0749488
0.602698
0.462761
0.420914
0.0776382
0.697031
0.394298
0.813287
0.676109
0.595497
0.834079
0.258672
0.29769
0.560232
0.270683
0.557614
0.21561
0.762309
0.437943
0.0750688
0.528438
0.871993
0.286267
0.211663
0.532805
0.0141879
0.845448
0.775476
0.220477
0.222198
0.485163
0.148843
0.811505
0.432827
0.107428
0.39796
0.18432
0.00465878
0.214871
0.161788
0.720669
0.315699
0.503689
0.339679
0.154532
0.0448323
0.446796
0.752683
0.00211357
0.114509
0.045433
0.387315
0.662303
0.24121
0.0461733
0.345843
0.454168
0.501048
0.160301
0.340656
0.224345
0.659762
0.617152
0.53386
0.103928
0.125218
0.203915
0.0906964
0.309949
0.410926
0.764917
0.932972
0.163417
0.121585
0.0730486
0.396141
0.240498
0.105924
0.0289948
0.477525
0.12872
0.568521
0.25513
0.363907
0.689954
0.481615
0.701313
0.752582
0.748235
0.492239
0.823705
0.758705
0.261257
0.601083
0.589587
0.0485555
0.829975
0.329121
0.104671
0.221992
0.619894
0.00784528
0.111979
0.729077
0.495466
0.036176
0.550229
0.571258
0.316562
0.545417
0.0097507
0.303395
0.319783
0.091361
0.365205
0.045495
0.442224
0.355974
0.131608
0.305162
0.0546174
0.114069
0.0553133
0.524514
0.696074
0.79302
0.576419
0.520123
0.541535
0.031499
0.255743
0.751456
0.557779
0.11276
0.399556
0.507992
0.66879
0.779669
0.537327
0.652912
0.102516
0.691904
0.00314868
0.491139
0.490917
0.508865
0.769776
0.593379
0.438636
0.143388
0.377648
0.331587
0.260441
0.0298981
0.599311
0.804829
0.553859
0.294704
0.827379
0.237077
0.380111
0.326167
0.30393
0.511607
0.474778
0.292571
0.406942
0.529947
0.710356
0.539915
0.337736
0.343815
0.737185
0.203727
0.155192
0.275631
0.523042
0.328266
0.0964808
0.769959
0.182127
0.858034
0.813834
0.00655839
0.766328
0.630125
0.313347
0.141625
0.213282
0.0475782
0.287938
0.0856064
0.195111
0.511478
0.259405
0.455289
0.0841515
0.241018
0.275969
0.21216
0.274656
0.622591
0.71294
0.7171
0.387489
0.30324
0.104319
0.494777
0.961481
0.636814
0.279384
0.0560286
0.63309
0.797889
0.467601
0.319373
0.15583
0.307986
0.379496
0.208225
0.41184
0.256854
0.349646
0.824449
0.145734
0.356896
0.545716
0.0864794
0.259127
0.565641
0.712623
0.086659
0.016652
0.352329
0.17173
0.0840175
0.190716
0.938216
0.756317
0.423515
0.897157
0.153781
0.188993
0.306837
0.570271
0.649029
0.0627272
0.222323
0.514266
0.546833
0.576534
0.966685
0.377312
0.445543
0.489713
0.131085
0.22838
0.0334863
0.103166
0.237781
0.7054
0.425825
0.60261
0.390176
0.770051
0.266162
0.281581
0.761153
0.72259
0.162782
0.509569
0.261905
0.0545662
0.103421
0.0881522
0.673387
0.841524
0.448144
0.059385
0.100309
0.263626
0.743714
0.160961
0.565355
0.291305
0.228468
0.427759
0.00259865
0.217637
0.600555
0.550687
0.247459
0.442
0.321333
0.761351
0.165508
0.64554
0.52468
0.47872
0.573208
0.218064
0.414375
0.768692
0.143141
0.379763
0.0134474
0.115982
0.323229
0.163203
0.456723
0.54414
0.562715
0.669573
0.0217671
0.0782298
0.124561
0.376945
0.603024
0.676718
0.383996
0.607147
0.388015
0.553568
0.84535
0.290439
0.137164
0.829661
0.577837
0.240392
0.471572
0.456445
0.35644
0.78706
0.246874
0.448302
0.286663
0.240726
0.40129
0.365735
0.549398
0.283757
0.257719
0.0808094
0.148155
0.248846
0.0123754
0.0971457
0.022501
0.559991
0.474721
0.167182
0.442833
0.660834
0.428738
0.845358
0.544
0.207481
0.789166
0.473458
0.308679
0.36354
0.691007
0.362697
0.599027
0.432629
0.165798
0.378202
0.581217
0.125747
0.422801
0.613493
0.203898
0.0979474
0.463059
0.144122
0.265379
0.137551
0.462255
0.591314
0.0958321
0.130499
0.464638
0.868284
0.611229
0.422675
0.904735
0.36774
0.363828
0.444618
0.0534832
0.625732
0.544338
0.112148
0.683561
0.371017
0.71691
0.235861
0.213667
0.498883
0.18336
0.568845
0.343203
0.0162172
0.0878872
0.0745209
0.434469
0.315868
0.856454
0.714529
0.898224
0.206724
0.02069
0.104111
0.173025
0.610809
0.456699
0.179744
0.302978
0.278984
0.0847827
0.285684
0.231323
0.40266
0.58477
0.826794
0.111706
0.246423
0.242807
0.0321912
0.4071
0.543294
0.474462
0.44945
0.545134
0.347165
0.263069
0.0431964
0.0267696
0.059178
0.642657
0.443264
0.355205
0.330689
0.118568
0.238202
0.366577
0.124742
0.0332086
0.0682571
0.141386
0.0836238
0.433942
0.503729
0.307556
0.0454358
0.105231
0.262537
0.161765
0.463111
0.474916
0.514578
0.36891
0.00938932
0.123789
0.293889
0.705278
0.0893066
0.30567
0.539636
0.564881
0.194043
0.135762
0.363137
0.0179052
0.0173996
0.254118
0.491221
0.111101
0.691336
0.311988
0.0368572
0.721008
0.321848
0.422592
0.417314
0.25011
0.449385
0.179456
0.15635
0.486046
0.509703
0.109154
0.682785
0.0987639
0.625267
0.516229
0.212824
0.121718
0.0346372
0.414006
0.77668
0.392771
0.170856
0.651144
0.0611293
0.34824
0.577423
0.136577
0.208799
0.125094
0.473599
0.674548
0.449686
0.51527
0.482009
0.199837
0.538197
0.409944
0.279744
0.360427
0.0122622
0.492846
0.598462
0.111698
0.297183
0.0487178
0.694456
0.359042
0.342672
0.139969
0.442332
0.365416
0.395678
0.568614
0.342311
0.0173438
0.406703
0.112535
0.658278
0.613175
0.290863
0.942353
0.423835
0.441807
0.0305828
0.00629358
0.14753
0.727222
0.732597
0.0343069
0.111212
0.0382304
0.142979
0.0260722
0.676377
0.614037
0.656825
0.532374
0.468329
0.498059
0.388394
0.349309
0.512228
0.556523
0.521253
0.706393
0.858362
0.289926
0.0201178
0.321795
0.389361
0.378587
0.542064
0.295684
0.617082
0.432885
0.540549
0.204108
0.739214
0.282461
0.712377
0.277463
0.335692
0.313591
0.185089
0.660613
0.31343
0.317489
0.304211
0.743726
0.184034
0.723144
0.542757
0.667292
0.228815
0.182185
0.805976
0.773663
0.216021
0.773199
0.470191
0.569885
0.301811
0.857196
0.631128
0.34759
0.907213
0.168231
0.0110453
0.219743
0.821075
0.507897
0.241729
0.405624
0.62318
0.493394
0.413784
0.18317
0.31326
0.132858
0.72441
0.0350297
0.0803758
0.0476415
0.586716
0.600003
0.205524
0.309396
0.617111
0.013675
0.49142
0.267647
0.831007
0.0356754
0.267493
0.323348
0.0804691
0.262359
0.828204
0.0581268
0.268436
0.353223
0.645105
0.0169686
0.278744
0.493908
0.601786
0.516382
0.139258
0.45634
0.770437
0.155773
0.158233
0.431477
0.277965
0.0123472
0.458422
0.327329
0.131045
0.517329
0.782899
0.835415
0.24111
0.405698
0.42819
0.220085
0.208233
0.331799
0.461271
0.422231
0.247302
0.311432
0.309144
0.0762235
0.703099
0.439171
0.546394
0.0428
0.0797941
0.214238
0.88391
0.0025207
0.681946
0.334423
0.104577
0.763907
0.597433
0.237068
0.20688
0.00192976
0.583213
0.661024
0.11157
0.44965
0.0874598
0.330568
0.139945
0.146295
0.0717412
0.227451
0.139925
0.0515307
0.107517
0.399149
0.121761
0.573912
0.552146
0.269152
0.515461
0.0475614
0.0500454
0.464237
0.397781
0.511141
0.735064
0.0517548
0.0159387
0.569519
0.66476
0.351489
0.441382
0.418898
0.0802392
0.358743
0.0831824
0.711248
0.721216
0.398256
0.207171
0.741633
0.701875
0.0678988
0.625645
0.0845749
0.181028
0.293656
0.13202
0.00607977
0.611683
0.0751495
0.0121126
0.267619
0.369267
0.154041
0.0572602
0.44811
0.00472419
0.132752
0.348699
0.417655
0.564542
0.392264
0.837595
0.745599
0.0287897
0.155928
0.876515
0.497492
0.372834
0.355945
0.425746
0.338259
0.127431
0.638496
0.340594
0.317314
0.110352
0.451458
0.173597
0.764517
0.36042
0.166761
0.0986367
0.0505224
0.568747
0.0250374
0.415602
0.567124
0.276197
0.499494
0.482067
0.22202
0.171443
0.804337
0.559539
0.0236402
0.251311
0.0439755
0.0898648
0.78874
0.657414
0.0732747
0.0500961
0.244261
0.00509597
0.693463
0.0321915
0.0735421
0.0333743
0.186901
0.444529
0.330972
0.169217
0.0916721
0.682833
0.26161
0.566158
0.738863
0.640771
0.236942
0.355015
0.681081
0.432597
0.457668
0.117999
0.561449
0.352887
0.910335
0.225111
0.263139
0.154228
0.231968
0.0194285
0.252168
0.36774
0.443434
0.545417
0.277767
0.161091
0.385139
0.433101
0.165769
0.515737
0.327757
0.422822
0.376307
0.220941
0.200777
0.0473496
0.197989
0.504999
0.307889
0.629086
0.689064
0.668708
0.437675
0.196957
0.0482552
0.170287
0.527814
0.566398
0.370581
0.480415
0.105428
0.156017
0.385629
0.0427804
0.114527
0.381596
0.0338124
0.373252
0.450189
0.376049
0.380159
0.2083
0.389447
0.228998
0.00557554
0.0503236
0.307847
0.129391
0.567553
0.0900849
0.682988
0.702061
0.210102
0.639336
0.535196
0.0667937
0.542026
0.12939
0.302636
0.460069
0.436689
0.315422
0.420527
0.831671
0.52413
0.499551
0.1263
0.208158
0.0314112
0.543332
0.271633
0.325142
0.64787
0.123317
0.302536
0.443351
0.294356
0.378223
0.361802
0.315443
0.637542
0.400545
0.73908
0.472757
0.674814
0.461063
0.510113
0.041343
0.469448
0.183499
0.215255
0.69382
0.493115
0.120292
0.0861165
0.535528
0.167869
0.382398
0.435241
0.79392
0.217374
0.256827
0.0806438
0.637578
0.120108
0.205012
0.194943
0.161054
0.11126
0.411567
0.482795
0.129824
0.480732
0.371031
0.137708
0.371011
0.124234
0.687161
0.143155
0.500365
0.097349
0.215027
0.163905
0.318864
0.841136
0.368457
0.598521
0.621294
0.678664
0.0360944
0.236938
0.497817
0.57761
0.771721
0.770519
0.104847
0.85499
0.572605
0.698941
0.523659
0.386638
0.0353653
0.65508
0.591441
0.158473
0.299773
0.278582
0.0879867
0.1776
0.676991
0.0296234
0.561922
0.0275968
0.0321454
0.626595
0.407036
0.857927
0.302428
0.197584
0.348597
0.124169
0.0375524
0.506091
0.0703303
0.494762
0.150828
0.233047
0.666503
0.0499929
0.149349
0.665318
0.0720972
0.1453
0.213278
0.852787
0.435759
0.505414
0.400638
0.930102
0.413736
0.376677
0.819849
0.216551
0.0372332
0.801716
0.357367
0.169198
0.426597
0.805643
0.340939
0.0247428
0.262094
0.0456394
0.450635
0.225181
0.107862
0.0148275
0.467211
0.464193
0.779322
0.442074
0.824776
0.175271
0.256687
0.381884
0.303352
0.866896
0.0548744
0.154798
0.22045
0.703238
0.708925
0.78983
0.229212
0.425916
0.233607
0.256078
0.378197
0.620377
0.150831
0.0981997
0.374899
0.181235
0.177773
0.253466
0.258286
0.410088
0.0928515
0.260655
0.0860926
0.402886
0.472194
0.548773
0.225039
0.344368
0.617852
0.388714
0.254324
0.58636
0.445193
0.580355
0.625848
0.408579
0.32776
0.403285
0.360126
0.0622752
0.302663
0.466468
0.564438
0.178362
0.47038
0.428366
0.170478
0.0506498
0.108422
0.685375
0.305546
0.307827
0.0917338
0.659335
0.0557342
0.673191
0.727874
0.590573
0.0481748
0.339748
0.593377
0.44432
0.0119668
0.273467
0.130737
0.477972
0.348065
0.589197
0.22108
0.516963
0.034498
0.402334
0.443925
0.00419969
0.0528913
0.433293
0.713775
0.059353
0.415772
0.358307
0.0104533
0.184489
0.361669
0.149104
0.503184
0.190694
0.408725
0.243558
0.236616
0.165234
0.0549418
0.0516024
0.506859
0.627277
0.12879
0.00990471
0.442271
0.171627
0.761125
0.0340432
0.373213
0.667696
0.436653
0.486195
0.325103
0.289259
0.795636
0.188454
0.0296313
0.102369
0.0631602
0.592697
0.0958487
0.511189
0.0839767
0.759848
0.463779
0.847371
0.398299
0.920949
0.0134448
0.31756
0.47357
0.468565
0.0939362
0.431876
0.0197025
0.0847884
0.743393
0.568882
0.812121
0.62905
0.217482
0.34413
0.419779
0.00204168
0.528999
0.377139
0.350199
0.740534
0.294547
0.0660553
0.477208
0.480657
0.757752
0.084224
0.582639
0.216733
0.479686
0.0133106
0.318559
0.0681552
0.468776
0.300027
0.647767
0.0915904
0.725599
0.504567
0.35468
0.52236
0.35753
0.0677328
0.738553
0.471685
0.0943876
0.74392
0.59922
0.802464
0.428315
0.34818
0.494702
0.47006
0.393489
0.108737
0.00481812
0.945263
0.123212
0.741895
0.548333
0.254995
0.603457
0.789323
0.315131
0.0722214
0.669188
0.406045
0.452701
0.253859
0.322651
0.0611024
0.581064
0.836248
0.445973
0.605263
0.130961
0.673246
0.419102
0.361307
0.176118
0.251258
0.464199
0.467756
0.361171
0.825394
0.0869503
0.388721
0.833909
0.0866675
0.0128253
0.667561
0.671528
0.864384
0.641696
0.358209
0.726322
0.260676
0.348032
0.436016
0.684202
0.548905
0.323883
0.267058
0.285094
0.0886857
0.475287
0.00173563
0.432283
0.212349
0.0231202
0.883344
0.505307
0.361041
0.424093
0.748008
0.187964
0.129005
0.0882358
0.2405
0.271478
0.0596477
0.247138
0.449346
0.229579
0.198868
0.059973
0.381241
0.0190112
0.118655
0.617807
0.595008
0.285638
0.621308
0.695077
0.765829
0.687184
0.169918
0.384419
0.158003
0.867464
0.0381575
0.556725
0.293431
0.339279
0.473588
0.71665
0.750356
0.385103
0.461474
0.455133
0.481376
0.309381
0.58231
0.410694
0.167127
0.571227
0.283379
0.679896
0.328713
0.0489758
0.110568
0.777044
0.549895
0.135729
0.0109905
0.733974
0.0126184
0.351571
0.301464
0.735343
0.0725375
0.281242
0.46295
0.130099
0.12139
0.721723
0.332869
0.236345
0.450513
0.392673
0.107904
0.353577
0.218906
0.734417
0.0385515
0.0278075
0.808028
0.191949
0.0508179
0.21975
0.224319
0.275718
0.860548
0.113449
0.39067
0.806564
0.122746
0.575709
0.48781
0.345137
0.74377
0.129424
0.646671
0.443943
0.636628
0.586583
0.165246
0.846377
0.229514
0.182465
0.385427
0.615408
0.519459
0.10785
0.634288
0.476526
0.408241
0.631849
0.520283
0.613768
0.0509784
0.264504
0.514818
0.65948
0.307202
0.215812
0.878256
0.593182
0.0568969
0.642167
0.202383
0.180298
0.308968
0.267752
0.750229
0.49457
0.0259671
0.463771
0.122188
0.306265
0.992093
0.0115127
0.696369
0.0262655
0.0340447
0.565096
0.0940018
0.153151
0.136568
0.600769
0.693177
0.16773
0.506005
0.832751
0.46335
0.246247
0.0927085
0.216091
0.0722418
0.260417
0.155113
0.359377
0.522382
0.19178
0.579722
0.743878
0.643502
0.607663
0.100291
0.198559
0.508086
0.4294
0.259476
0.569276
0.496898
0.22475
0.530607
0.730453
0.382765
0.521208
0.489192
0.299521
0.287157
0.520963
0.634988
0.135736
0.150891
0.726583
0.604125
0.226817
0.237021
0.036032
0.568389
0.0596807
0.392602
0.213644
0.400477
0.874738
0.214837
0.669966
0.183223
0.227298
0.0247983
0.586981
0.499278
0.596274
0.569245
0.460162
0.655381
0.307737
0.0698232
0.26318
0.142149
0.421857
0.343252
0.0103525
0.212559
0.921877
0.244006
0.333516
0.0971271
0.110607
0.485763
0.335318
0.0167309
0.00487551
0.100724
0.331764
0.147905
0.460465
0.282839
0.152471
0.0263236
0.391875
0.241544
0.0250357
0.627603
0.407112
0.189115
0.175635
0.0122983
0.401574
0.161336
0.180024
0.0121951
0.0328496
0.0953696
0.19663
0.656814
0.0740785
0.185857
0.538932
0.590179
0.143514
0.196963
0.34268
0.645839
0.461483
0.127594
0.112742
0.473292
0.121621
0.0124614
0.0866626
0.320291
0.395293
0.673751
0.448753
0.184545
0.0789388
0.103158
0.160401
0.240958
0.0839676
0.0440225
0.358021
0.255766
0.0911353
0.0874391
0.0342927
0.559493
0.494101
0.775993
0.664489
0.116405
0.208115
0.500916
0.29054
0.287446
0.155558
0.671349
0.148907
0.839023
0.576792
0.622175
0.0508604
0.168289
0.313721
0.367133
0.29344
0.599654
0.374943
0.39301
0.707729
0.185984
0.60687
0.0167003
0.929104
0.738553
0.193412
0.254094
0.183498
0.325004
0.542834
0.0503156
0.0816967
0.936609
0.511958
0.601396
0.107108
0.267562
0.710682
0.0832401
0.568614
0.15611
0.389858
0.435487
0.0830121
0.0876034
0.20698
0.264327
0.603533
0.165458
0.33376
0.618797
0.00713681
0.461627
0.711757
0.31873
0.657725
0.215192
0.441982
0.604454
0.712655
0.214702
0.0798995
0.239418
0.119661
0.0485039
0.845689
0.508861
0.0166511
0.31808
0.0755529
0.303256
0.250117
0.611064
0.374958
0.0501497
0.198219
0.396344
0.508863
0.571252
0.299166
0.0984878
0.181881
0.254759
0.375153
0.85071
0.2051
0.743998
0.289182
0.461202
0.563392
0.259956
0.628416
0.180973
0.528512
0.377496
0.380314
0.190009
0.0676883
0.509016
0.103553
0.475734
0.26287
0.656909
0.119467
0.127528
0.0641885
0.645153
0.735719
0.781452
0.10249
0.0902638
0.245297
0.856718
0.186842
0.494709
0.289794
0.130085
0.597559
0.453781
0.63013
0.52884
0.723974
0.55623
0.4428
0.753792
0.196347
0.526254
0.212186
0.371702
0.153922
0.432664
0.325279
0.415969
0.754645
0.191014
0.0391749
0.62746
0.471287
0.099633
0.347125
0.380458
0.28295
0.709852
0.0672175
0.0741643
0.319962
0.586693
0.19208
0.651997
0.80694
0.0936711
0.525941
0.385936
0.107454
0.650404
0.192411
0.5712
0.538979
0.53221
0.430622
0.32684
0.268005
0.185063
0.686995
0.48574
0.704724
0.228664
0.0972537
0.0205449
0.255821
0.469483
0.205055
0.369687
0.598319
0.0646492
0.0911722
0.633732
0.278446
0.500654
0.608374
0.283843
0.623034
0.504732
0.617196
0.365353
0.0294689
0.553044
0.0384394
0.417884
0.421786
0.258067
0.279452
0.255156
0.176211
0.751056
0.321744
0.334546
0.117327
0.230435
0.422238
0.213694
0.235231
0.0205849
0.308258
0.549447
0.240827
0.381782
0.550648
0.609513
0.36821
0.130794
0.667412
0.203244
0.494722
0.532395
0.611696
0.612512
0.0542164
0.777347
0.176581
0.0758718
0.421814
0.682965
0.590992
0.157276
0.527986
0.394992
0.243082
0.462564
0.0685004
0.25448
0.293171
0.0431877
0.201623
0.263467
0.242375
0.816111
0.200706
0.0860349
0.783664
0.456401
0.253252
0.430151
0.214232
0.444969
0.397266
0.37371
0.856753
0.0206683
0.222458
0.849634
0.0304037
0.122423
0.379356
0.840994
0.294164
0.0503122
0.410397
0.231798
0.106267
0.51459
0.502787
0.249115
0.109843
0.134386
0.0329755
0.221537
0.172204
0.126261
0.525993
0.227111
0.175094
0.537723
0.240062
0.685919
0.0867641
0.855747
0.0777693
0.378625
0.386678
0.60384
0.242967
0.734667
0.0923689
0.682017
0.208244
0.579394
0.409599
0.262596
0.514675
0.35624
0.487389
0.386311
0.572284
0.296179
0.316218
0.703232
0.343804
0.128951
0.450094
0.0888467
0.575212
0.372033
0.289558
0.230374
0.386137
0.0826724
0.0588204
0.812577
0.0119012
0.0884108
0.0672844
0.074402
0.0474727
0.0217249
0.32897
0.351943
0.349054
0.354926
0.441109
0.599527
0.82474
0.436572
0.637861
0.590708
0.689306
0.323139
0.277246
0.465854
0.246241
0.125311
0.0353996
0.330949
0.786767
0.154843
0.0310113
0.419862
0.802333
0.108161
0.414667
0.459855
0.306641
0.684738
0.22533
0.580065
0.0626473
0.958845
0.136576
0.0321157
0.712801
0.813653
0.2094
0.4031
0.185763
0.360547
0.66827
0.58509
0.481589
0.189363
0.227202
0.196525
0.783546
0.42185
0.289366
0.186634
0.830998
0.681035
0.161875
0.494986
0.109851
0.0109074
0.668601
0.820648
0.265315
0.025448
0.895322
0.154065
0.684596
0.626178
0.11977
0.967607
0.485092
0.068981
0.270075
0.495656
0.519277
0.260946
0.633159
0.220875
0.512139
0.720189
0.107196
0.237013
0.0585152
0.74159
0.458976
0.130794
0.193092
0.0206091
0.293892
0.475749
0.534861
0.389222
0.0482026
0.183642
0.0744334
0.28677
0.185474
0.0998414
0.593255
0.157574
0.0724099
0.528012
0.251627
0.332249
0.441483
0.244705
0.399663
0.5573
0.858751
0.415854
0.668453
0.605162
0.716005
0.93827
0.589985
0.0332725
0.124347
0.0660245
0.813066
0.348242
0.400955
0.838004
0.206843
0.384525
0.66699
0.0279019
0.466514
0.0563656
0.271843
0.187901
0.199448
0.418429
0.10357
0.294396
0.28281
0.0282465
0.285489
0.670371
0.023657
0.357692
0.416658
0.366265
0.149789
0.301126
0.295069
0.667686
0.456203
0.584874
0.0283644
0.69547
0.480653
0.387926
0.610966
0.112511
0.623526
0.0858173
0.44323
0.667489
0.333592
0.766303
0.0348517
0.172795
0.725761
0.701604
0.0320119
0.285056
0.241904
0.401208
0.867112
0.487893
0.0906447
0.505191
0.871024
0.0267984
0.719081
0.0861504
0.436078
0.377087
0.252579
0.379734
0.176542
0.135993
0.890305
0.266247
0.264266
0.59294
0.564053
0.587991
0.418935
0.7192
0.0713912
0.69571
0.251702
0.5001
0.78885
0.284057
0.240219
0.895996
0.334478
0.667512
0.0339932
0.521456
0.173428
0.455517
0.454308
0.315028
0.528849
0.00780813
0.0358697
0.189964
0.378747
0.178815
0.127156
0.0573092
0.545251
0.0824087
0.42703
0.123773
0.36291
0.112949
0.253511
0.224462
0.868978
0.012226
0.461742
0.0607359
0.830661
0.0891631
0.142085
0.867503
0.248469
0.756385
0.0958712
0.690988
0.252372
0.068885
0.341307
0.761065
0.645133
0.54331
0.372854
0.486953
0.215759
0.433212
0.140195
0.638687
0.621198
0.204332
0.373957
0.0090011
0.541402
0.190576
0.134153
0.523917
0.404976
0.20912
0.520358
0.137536
0.714293
0.416469
0.40273
0.585781
0.902144
0.879305
0.561873
0.574537
0.445585
0.599163
0.45496
0.573789
0.284821
0.252922
0.634916
0.217583
0.676262
0.0667881
0.643074
0.568875
0.346972
0.0963031
0.6269
0.197833
0.559466
0.545608
0.597574
0.394371
0.0150728
0.0115688
0.426997
0.259987
0.169645
0.508815
0.106384
0.363002
0.739798
0.520161
0.220472
0.196558
0.518439
0.315077
0.406843
0.15636
0.103159
0.175978
0.573876
0.00988491
0.124808
0.383417
0.820267
0.703299
0.927659
0.000589076
0.788287
0.580711
0.130347
0.0553405
0.881264
0.0557751
0.101672
0.602123
0.385711
0.467279
0.600955
0.142424
0.193476
0.451295
0.562485
0.740061
0.486474
0.538173
0.201033
0.38381
0.475974
0.823162
0.0365796
0.732761
0.769851
0.103093
0.29487
0.810888
0.403279
0.286976
0.471027
0.782808
0.315048
0.60246
0.846036
0.040463
0.230606
0.0102604
0.0241728
0.376982
0.308006
0.461009
0.0169511
0.393792
0.325652
0.334481
0.00349669
0.0400479
0.545705
0.224876
0.817575
0.434688
0.423826
0.196746
0.191185
0.00111518
0.202534
0.455072
0.0208824
0.618687
0.0200802
0.616724
0.49969
0.708563
0.474793
0.849435
0.453163
0.160921
0.48368
0.378351
0.58426
0.0988256
0.608383
0.00956284
0.377322
0.910905
0.0270692
0.923968
0.549595
0.393416
0.52873
0.267856
0.808743
0.219856
0.051752
0.279706
0.620246
0.821756
0.694462
0.181604
0.667888
0.519487
0.636239
0.0683397
0.13671
0.408695
0.775111
0.326141
0.0794807
0.713852
0.345852
0.104778
0.289472
0.546424
0.481788
0.487768
0.346111
0.790285
0.109926
0.139459
0.476596
0.831202
0.143504
0.408485
0.136334
0.610929
0.100954
0.504591
0.689654
0.205982
0.440261
0.647498
0.528046
0.0224514
0.0262305
0.176913
0.0715355
0.164436
0.41049
0.0894108
0.23143
0.75931
0.136572
0.457311
0.338879
0.0262791
0.914541
0.184943
0.411138
0.433308
0.000508816
0.196508
0.0608584
0.414309
0.908559
0.900162
0.485749
0.147013
0.434016
0.191824
0.242307
0.496161
0.474279
0.687659
0.269862
0.119522
0.480984
0.0868043
0.270579
0.359017
0.785542
0.383385
0.0206652
0.564665
0.449751
0.341398
0.16915
0.295358
0.607973
0.170294
0.170164
0.582898
0.288681
0.389556
0.350057
0.372314
0.648648
0.0522153
0.0557421
0.538203
0.188541
0.0164364
0.237331
0.758679
0.776545
0.931959
0.302853
0.465157
0.502683
0.537202
0.0289021
0.728721
0.195568
0.332912
0.0614225
0.364802
0.249364
0.135719
0.527954
0.0448478
0.145439
0.855728
0.699286
0.0493255
0.000368572
0.11914
0.0942756
0.93022
0.560164
0.272682
0.5159
0.0631845
0.0232324
0.851193
0.0875467
0.388718
0.461067
0.574725
0.816202
0.64077
0.164459
0.125397
0.30628
0.345428
0.487469
0.820088
0.728412
0.27931
0.255108
0.610213
0.508851
0.411416
0.302854
0.0750818
0.422443
0.518695
0.471778
0.912541
0.689024
0.455108
0.275527
0.185922
0.487279
0.279929
0.00110868
0.357611
0.426205
0.103351
0.736799
0.927403
0.120632
0.0596216
0.0209203
0.503159
0.764711
0.367489
0.107898
0.394858
0.372768
0.352519
0.729705
0.483789
0.578247
0.337199
0.102387
0.349658
0.073473
0.853633
0.682811
0.722442
0.838981
0.144249
0.226229
0.229685
0.855241
0.314174
0.102858
0.369622
0.168796
0.568632
0.428544
0.838018
0.559248
0.119361
0.00979399
0.299383
0.602787
0.0740058
0.219071
0.106653
0.0832892
0.0848851
0.0357329
0.408865
0.669995
0.314597
0.0659055
0.0330754
0.655488
0.71699
0.473079
0.233348
0.158957
0.695378
0.355815
0.543322
0.0585957
0.976345
0.453055
0.50114
0.312153
0.725066
0.610741
0.616048
0.0836133
0.702994
0.312309
0.0518271
0.663565
0.0419446
0.0666957
0.942375
0.237401
0.350974
0.0914391
0.185062
0.201202
0.343584
0.100575
0.256399
0.0322369
0.165796
0.210066
0.519844
0.0317531
0.37363
0.184251
0.37903
0.566531
0.756857
0.0484706
0.2702
0.345321
0.5523
0.636147
0.505469
0.0233163
0.37412
0.314434
0.588066
0.667884
0.237889
0.61943
0.646681
0.48427
0.441763
0.366322
0.190799
0.170276
0.795775
0.0572215
0.45268
0.382469
0.324194
0.452748
0.121829
0.36836
0.412386
0.0739471
0.278014
0.225318
0.260735
0.507131
0.828187
0.849691
0.580544
0.109323
0.630355
0.0624482
0.760591
0.23862
0.0858972
0.242592
0.529168
0.449301
0.867487
0.659182
0.136413
0.83188
0.222445
0.223374
0.173216
0.188633
0.557779
0.754769
0.850643
0.0070945
0.0632039
0.635326
0.333656
0.159663
0.0594929
0.507046
0.736937
0.117637
0.518445
0.62011
0.908005
0.470731
0.632932
0.46187
0.634799
0.120734
0.2856
0.738845
0.400827
0.244985
0.244577
0.758832
0.147392
0.752115
0.108559
0.724915
0.806591
0.607924
0.102361
0.185864
0.579815
0.0687441
0.670316
0.936591
0.251294
0.735319
0.658635
0.122469
0.353751
0.632299
0.0973137
0.776838
0.578632
0.514307
0.390063
0.179599
0.240793
0.386365
0.238714
0.521471
0.347744
0.502646
0.840644
0.370981
0.439495
0.277932
0.633754
0.498443
0.628542
0.215823
0.854954
0.0401836
0.0758679
0.121433
0.0778872
0.0761355
0.725989
0.00938628
0.584721
0.025551
0.699799
0.281254
0.0415687
0.841793
0.822316
0.816706
0.243202
0.339274
0.636266
0.649428
0.00965786
0.784931
0.0598056
0.842667
0.302625
0.786903
0.502642
0.082881
0.459044
0.4332
0.396451
0.20866
0.577481
0.423754
0.342985
0.217135
0.435482
0.319218
0.289987
0.300463
0.456603
0.132432
0.109296
0.914761
0.303213
0.561939
0.263336
0.917295
0.214719
0.135638
0.707303
0.350813
0.32564
0.53471
0.498657
0.75017
0.0824737
0.756903
0.218998
0.22883
0.784231
0.562486
0.459258
0.45133
0.871157
0.752153
0.611473
0.0688309
0.585027
0.855153
0.0287208
0.0183
0.66214
0.0426866
0.403665
0.00814392
0.0463501
0.371639
0.842951
0.267719
0.245441
0.502064
0.726433
0.543464
0.66376
0.809052
0.157211
0.0521264
0.162679
0.068812
0.744874
0.192591
0.418959
0.375375
0.780249
0.872482
0.316543
0.280387
0.545771
0.873057
0.236907
0.0809037
0.864646
0.572813
0.220811
0.858727
0.338235
0.538417
0.232878
0.170383
0.235707
0.181636
0.8867
0.479156
0.63821
0.5804
0.400214
0.869754
0.24468
0.513386
0.535862
0.217386
0.0492533
0.565462
0.133606
0.00504911
0.302168
0.0650916
0.212822
0.0930896
0.67433
0.176369
0.494698
0.669476
0.575311
0.231116
0.668942
0.187366
0.205276
0.035983
0.691038
0.688013
0.204705
0.139943
0.131053
0.551785
0.164618
0.792937
0.480006
0.54669
0.835093
0.0856756
0.175291
0.607486
0.0683394
0.669733
0.828883
0.220048
0.495017
0.285778
0.527685
0.155281
0.343503
0.236416
0.0484397
0.216058
0.892803
0.666599
0.604161
0.597118
0.103789
0.0969418
0.557521
0.476938
0.152163
0.642826
0.472018
0.0677936
0.407326
0.202525
0.553133
0.738629
0.127295
0.581068
0.671012
0.370373
0.0953908
0.11848
0.0294371
0.437696
0.860783
0.154501
0.243624
0.165655
0.497206
0.0120871
0.483235
0.112477
0.191733
0.473828
0.234204
0.378069
0.640601
0.260121
0.184949
0.275942
0.534399
0.0794911
0.130098
0.676239
0.194532
0.185287
0.56251
0.973722
0.718981
0.154379
0.851514
0.340056
0.332222
0.560215
0.132293
0.0603515
0.317314
0.0736252
0.284049
0.124075
0.344612
0.310991
0.422246
0.758088
0.927647
0.493825
0.538289
0.0794968
0.11142
0.329776
0.127643
0.0472437
0.297969
0.861287
0.0541553
0.534786
0.992995
0.284631
0.928492
0.425878
0.109215
0.206387
0.483057
0.0240756
0.33589
0.520098
0.223024
0.711567
0.350662
0.263501
0.384731
0.336692
0.94398
0.407272
0.749932
0.353592
0.587581
0.117537
0.00287568
0.196354
0.887307
0.0255986
0.622921
0.842764
0.596482
0.600292
0.464622
0.351239
0.662108
0.0743625
0.0992186
0.538685
0.127314
0.0321198
0.580978
0.662572
0.151269
0.699337
0.302232
0.535593
0.635541
0.0819016
0.63559
0.401901
0.123591
0.428979
0.133544
0.157534
0.537458
0.136993
0.222659
0.377468
0.69917
0.708099
0.0196273
0.550707
0.559408
0.305371
0.183173
0.0492708
0.545692
0.0144336
0.480323
0.296777
6.25932e-05
0.200385
0.277319
0.0580677
0.938144
0.0630844
0.268489
0.830501
0.158217
0.756515
0.0695588
0.916934
0.465872
0.245269
0.668412
0.269549
0.570921
0.545528
0.140743
0.468189
0.446734
0.639184
0.883384
0.0524057
0.290362
0.757503
0.319379
0.307567
0.0988684
0.0761641
0.41931
0.519934
0.0202916
0.354096
0.0457913
0.0815061
0.418709
0.261864
0.564765
0.0783727
0.262221
0.133978
0.377396
0.126611
0.373475
0.367883
0.477949
0.368139
0.259075
0.501565
0.365923
0.311467
0.0411923
0.287558
0.707755
0.276126
0.114403
0.0387018
0.0860006
0.503545
0.776127
0.166453
0.67854
0.187627
0.4354
0.420074
0.127446
0.921511
0.101975
0.283799
0.153864
0.421885
0.429628
0.376597
0.534089
0.321122
0.00697683
0.717176
0.216085
0.48012
0.128172
0.798063
0.0966472
0.01115
0.361232
0.0765708
0.557047
0.888216
0.342625
0.673272
0.0709897
0.612833
0.803296
0.633748
0.0633915
0.350113
0.499145
0.387674
0.392225
0.132403
0.341468
0.840256
0.207505
0.780164
0.12109
0.753685
0.404823
0.710754
0.115647
0.342418
0.447213
0.256915
0.238213
0.628792
0.627519
0.730636
0.211289
0.259778
0.377177
0.100481
0.39525
0.471075
0.135181
0.360916
0.27365
0.748032
0.643324
0.332596
0.863595
0.0543823
0.49037
0.0431171
0.657932
0.503218
0.0933975
0.879647
0.0446791
0.300264
0.474337
0.248248
0.484009
0.0406656
0.418241
0.395638
0.798761
0.558392
0.525605
0.196119
0.0686753
0.309519
0.108931
0.0408206
0.806196
0.640409
0.109184
0.751738
0.632198
0.219068
0.375277
0.302957
0.531526
0.551354
0.186701
0.283482
0.198725
0.491436
0.475526
0.00576604
0.00746293
0.303014
0.60023
0.39606
0.144913
0.532394
0.116026
0.238826
0.187345
0.441018
0.0365309
0.519213
0.615032
0.0640983
0.509979
0.172335
0.778512
0.17877
0.280915
0.906478
0.72307
0.307258
0.60504
0.632157
0.447324
0.261181
0.860366
0.0347969
0.556053
0.602477
0.525946
0.782071
0.0655051
0.0601378
0.0335747
0.0542636
0.433116
0.393054
0.486475
0.631814
0.877273
0.424901
0.401788
0.470702
0.0293203
0.0852041
0.0978203
0.64971
0.312008
0.497215
0.399748
0.537921
0.648605
0.192101
0.523821
0.580536
0.00641345
0.221976
0.0635026
0.37088
0.213473
0.656509
0.23887
0.0357954
0.631914
0.699891
0.624268
0.848264
0.0245608
0.0500992
0.213299
0.114814
0.37096
0.0556789
0.323686
0.0298414
0.702204
0.212689
0.236167
0.126656
0.338038
0.369881
0.0717141
0.0811945
0.777199
0.399303
0.178222
0.126919
0.152771
0.243767
0.452473
0.0829347
0.463496
0.356441
0.406921
0.415875
0.273524
0.477965
0.592224
0.110733
0.565096
0.0336543
0.191315
0.132099
0.247175
0.351781
0.757318
0.346039
0.712601
0.281804
0.257702
0.0462278
0.595926
0.189054
0.799704
0.0320264
0.416667
0.371518
0.150604
0.402899
0.383624
0.780453
0.0908286
0.911159
0.00263364
0.207248
0.612125
0.838849
0.62865
0.481498
0.19237
0.651938
0.817319
0.21676
0.76494
0.790287
0.810131
0.536326
0.0734504
0.261524
0.66838
0.354426
0.456095
0.0487287
0.301923
0.0645877
0.302616
0.237611
0.162756
0.825648
0.180214
0.299391
0.340511
0.339976
0.473415
0.469778
0.577621
0.10676
0.324399
0.285515
0.217431
0.198356
0.0677768
0.385161
0.543582
0.0568148
0.44128
0.193338
0.162161
0.0366449
0.178293
0.0510325
0.298965
0.146554
0.131053
0.466642
0.00964719
0.178291
0.678908
0.278185
0.361764
0.117074
0.466169
0.314025
0.812277
0.228543
0.432353
0.183795
0.192411
0.0207665
0.473655
0.574712
0.533838
0.699626
0.484589
0.709259
0.00214304
0.374252
0.521067
0.270225
0.711719
0.800025
0.326265
0.205345
0.0811013
0.07661
0.800299
0.362135
0.503735
0.011278
0.336594
0.238923
0.343608
0.617308
0.33396
0.336638
0.112832
0.183399
0.0576503
0.32521
0.217858
0.648338
0.454699
0.775517
0.359876
0.953008
0.135446
0.487459
0.268603
0.437349
0.240493
0.374493
0.218126
0.539638
0.415948
0.106246
0.211268
0.227621
0.560663
0.780633
0.803145
0.0166059
0.185842
0.360954
0.0378677
0.612214
0.456029
0.203198
0.644464
0.390296
0.209856
0.126725
0.103935
0.238604
0.541925
0.421234
0.719989
0.0104273
0.455896
0.564435
0.189324
0.193598
0.162603
0.223117
0.0855352
0.0233409
0.363045
0.464318
0.215632
0.109699
0.581308
0.782885
0.714841
0.0664324
0.528236
0.253098
0.165402
0.239478
0.098036
0.128609
0.363721
0.0824393
0.845554
0.175777
0.933827
0.342333
0.7695
0.118248
0.676503
0.485898
0.617079
0.748176
0.0120598
0.172733
0.791758
0.286536
0.743404
0.0345914
0.415091
0.035596
0.866734
0.687648
0.896592
0.171056
0.826111
0.42927
0.383346
0.59684
0.229818
0.115337
0.329525
0.0518008
0.380783
0.150408
0.284736
0.601064
0.334456
0.361407
0.306755
0.789741
0.153806
0.25652
0.485702
0.64394
0.646688
0.0195825
0.174231
0.0381878
0.506445
0.65189
0.111113
0.0313008
0.97315
0.209913
0.298555
0.613338
0.271745
0.404402
0.0135982
0.453437
0.41932
0.455769
0.29526
0.19525
0.523728
0.403584
0.666053
0.50262
0.253185
0.56033
0.430235
0.807259
0.0764506
0.173152
0.113352
0.0133616
0.472401
0.482465
0.101643
0.567263
0.122087
0.438716
0.249452
0.799405
0.0805314
0.228977
0.425699
0.0543987
0.8201
0.837415
0.757975
0.351195
0.583
0.324837
0.0646665
0.451185
0.466571
0.113761
0.409136
0.0562508
0.119775
0.671544
0.474807
0.704404
0.736958
0.245366
0.107069
0.169964
0.190773
0.473027
0.0394383
0.551155
0.251916
0.586846
0.698465
0.397633
0.223356
0.204824
0.614209
0.0764769
0.191972
0.0521017
0.204406
0.215449
0.230013
0.0325049
0.0914188
0.367039
0.143999
0.749718
0.209516
0.618253
0.551128
0.296362
0.310166
0.636332
0.422854
0.169927
0.15432
0.27947
0.115041
0.369434
0.724375
0.124863
0.651725
0.588624
0.889304
0.11836
0.226774
0.665422
0.51281
0.141944
0.0159185
0.208322
0.452672
0.0392226
0.0886963
0.262988
0.533932
0.509667
0.449803
0.658035
0.616309
0.0517621
0.0979966
0.559228
0.0433617
0.0977089
0.594479
0.323534
0.275976
0.513288
0.352366
0.335281
0.714858
0.414182
0.301004
0.0258198
0.591893
0.729352
0.0203425
0.180142
0.30685
0.0764964
0.420499
0.156339
0.224996
0.775676
0.218352
0.119683
0.624958
0.702808
0.139711
0.645739
0.0628234
0.131549
0.326578
0.655718
0.121311
0.511159
0.272416
0.219224
0.230825
0.804451
0.415813
0.692807
0.696589
0.352672
0.076373
0.0592102
0.00869457
0.171212
0.195831
0.317394
0.14456
0.451067
0.538177
0.154088
0.609292
0.568695
0.174799
0.371561
0.3264
0.560811
0.113648
0.00519759
0.157023
0.829089
0.360266
0.565682
0.289825
0.108371
0.000215936
0.605865
0.153764
0.00636322
0.510708
0.171281
0.0672062
0.459216
0.208093
0.489124
0.280312
0.54664
0.24752
0.117938
0.0724345
0.603935
0.081084
0.694738
0.796909
0.0905201
0.0957102
0.289677
0.401861
0.0611028
0.784634
0.892674
0.166964
0.0444639
0.115377
0.219099
0.179311
0.228554
0.14379
0.482558
0.835053
0.881937
0.21831
0.667891
0.0133648
0.0449279
0.0380212
0.396158
0.199965
0.367264
0.104485
0.534108
0.35411
0.4386
0.386907
0.306761
0.581885
0.25799
0.0123202
0.287288
0.744397
0.00801218
0.239993
0.0899602
0.83876
0.204155
0.0217672
0.528075
0.0172068
0.545689
0.510699
0.278592
0.386271
0.41033
0.403922
0.426414
0.799659
0.733697
0.243254
0.349054
0.274974
0.333045
0.637683
0.0324631
0.674423
0.00234429
0.27265
0.405502
0.157459
0.269207
0.0367481
0.795792
0.0877969
0.088172
0.155203
0.380839
0.807083
0.454886
0.817324
0.760968
0.285523
0.00985018
0.0767714
0.438127
0.231223
0.029187
0.481905
0.253267
0.236179
0.22591
0.442655
0.123641
0.0503582
0.32374
0.585575
0.231952
0.331204
0.366594
0.344495
0.749791
0.0634
0.0220314
0.326345
0.454596
0.225433
0.149383
0.702308
0.156345
0.149092
0.251336
0.482297
0.568086
0.226478
0.187786
0.164208
0.00963274
0.609437
0.717383
0.380674
0.424689
0.270663
0.181403
0.464927
0.10704
0.284497
0.0640667
0.215661
0.353985
0.685601
0.278172
0.056339
0.0412855
0.610136
0.076424
0.0837795
0.539147
0.13834
0.288839
0.584428
0.546273
0.193386
0.817992
0.746426
0.0585008
0.310404
0.828664
0.465332
0.649466
0.219654
0.560392
0.346246
0.695451
0.0985909
0.667467
0.707405
0.349966
0.317828
0.306932
0.378572
0.4
0.200348
0.625969
0.689957
0.32201
0.262139
0.130271
0.872715
0.082781
0.931923
0.696015
0.239992
0.561472
0.317921
0.279886
0.178313
0.302949
0.798801
0.723107
0.32268
0.59901
0.621465
0.102755
0.460188
0.243864
0.759468
0.515105
0.130077
0.563771
0.45972
0.0367672
0.613473
0.449133
0.304631
0.0523626
0.157092
0.282427
0.370093
0.182925
0.699802
0.386696
0.521625
0.0104026
0.440667
0.65237
0.412275
0.756859
0.119623
0.567486
0.474319
0.0161468
0.934447
0.47969
0.392498
0.771251
0.00786421
0.171432
0.164667
0.3827
0.543066
0.515267
0.383798
0.139062
0.0315174
0.299701
0.198355
0.118326
0.105251
0.0334946
0.211045
0.605395
0.191189
0.0327115
0.614875
0.0355666
0.846405
0.166127
0.646572
0.707362
0.630322
0.423996
0.11257
0.810734
0.00964358
0.353703
0.141614
0.353373
0.740114
0.853477
0.0422744
0.222463
0.772583
0.67907
0.697701
0.593274
0.362858
0.767902
0.323535
0.00591254
0.0985031
0.47351
0.0855626
0.454053
0.314675
0.117244
0.0673164
0.446234
0.0576254
0.398608
0.0163415
0.0266632
0.103133
0.786507
0.346059
0.0739143
0.188034
0.194927
0.104474
0.777569
