0
0
0
0
0
0
0
0
0
0
0
0
0
0
0.0152174
0.514641
1.54384
2.16359
2.10102
1.98458
1.66845
1.55347
1.35955
1.32186
1.24493
1.20722
1.11898
1.11163
1.10353
1.07346
1.07771
1.05703
1.07393
1.02361
1.06847
1.06273
1.05403
1.05303
1.06135
1.02734
1.03341
1.04228
1.03589
1.04506
1.02569
1.01914
1.04282
1.0093
1.03323
1.03151
1.02002
1.04264
1.00712
1.0213
1.03885
1.02933
1.02222
1.02386
1.00763
1.00327
1.01585
1.03249
1.00657
1.00037
1.01908
1.02135
1.02082
1.02128
1.01268
1.02611
1.01607
1.01604
1.02065
1.01861
1.01793
1.02766
1.02547
1.01794
1.01506
1.01649
1.00912
1.03122
1.0261
1.01667
1.02836
1.02107
1.01949
1.0211
1.00715
1.01729
1.01846
1.01764
1.01872
1.02767
1.02332
1.02424
1.01222
1.01307
1.02436
1.01717

