   1.0000000000000000e+02
   1.0194109895326848e+02
   1.0066855284024319e+02
   1.0355214665899875e+02
   1.0345288941117445e+02
   9.8044431926209285e+01
   9.9388900353099558e+01
   1.0195235354379408e+02
   1.0115612785138686e+02
   1.0129868811819613e+02
   9.8624763101673238e+01
   9.7727202069385214e+01
   9.8074510856023423e+01
   9.4260520715281970e+01
   9.1256659557356926e+01
   9.0284220936814009e+01
   9.2971223994997231e+01
   9.5592147912138657e+01
   9.3115798167210798e+01
   9.1649762660029353e+01
   8.9084156262568470e+01
   8.9798065724883486e+01
   8.6889010099950426e+01
   8.7508536747546842e+01
   8.9763089503148876e+01
   8.9657308635096285e+01
   8.5051367184431413e+01
   8.7724065980996045e+01
   8.8912364167759037e+01
   8.9398403189123272e+01
   8.6520837932099511e+01
   8.6601198928932675e+01
   8.7836962724837804e+01
   8.6794848889789321e+01
   8.6138925712576054e+01
   8.6704678884186421e+01
   8.5717624384706966e+01
   8.4855632774608196e+01
   8.6808247096308563e+01
   8.9181929451707433e+01
   9.0041156844384545e+01
   8.8480703047427781e+01
   8.7110958465121925e+01
   8.5478132383108715e+01
   8.7863986606430984e+01
   8.5704134848663472e+01
   8.4736370241996227e+01
   8.6409882099930883e+01
   8.2819887952134877e+01
   8.5430122932355729e+01
   8.7446790233312271e+01
   8.5258775643105025e+01
   8.5111446788097965e+01
   8.7022489540483434e+01
   8.7751767589507310e+01
   8.8186582249485184e+01
   8.6501724579723458e+01
   8.7162532735893095e+01
   8.2929648999895861e+01
   8.0242056034475297e+01
   8.1641306782900898e+01
   8.3416769254725565e+01
   8.3492905170289902e+01
   8.2810017311524632e+01
   7.9259183644132690e+01
   7.6233970154894848e+01
   7.4937619741558521e+01
   7.5620533690452376e+01
   7.7449244084359236e+01
   7.5033964133707101e+01
   7.5608599397710336e+01
   7.5648291454629259e+01
   7.3171238039921946e+01
   7.4965995892174249e+01
   7.3871321415227257e+01
   7.5437116000308762e+01
   7.8040175320030414e+01
   7.5310202681847343e+01
   7.8571522744321655e+01
   7.9428129768075237e+01
   8.2448572105985320e+01
   8.5264507323656716e+01
   8.3574732390188828e+01
   8.8386386339199660e+01
   8.6175015137793139e+01
   8.4983639214439776e+01
   8.5421971425836034e+01
   8.5266340373700032e+01
   8.4764055227471175e+01
   8.6805133358433864e+01
   8.9143696380765164e+01
   8.8643728839515376e+01
   9.1423511668033584e+01
   9.1684166784708481e+01
   9.2317867596828620e+01
   9.3561222282467426e+01
   8.9248259035295177e+01
   8.9519586356688478e+01
   9.0015186928045637e+01
   9.0477896184941685e+01
