   1.0000000000000000     
  0.69264882620946400     
  0.50054990765138152     
  0.37705724550407332     
  0.29029557394166799     
  0.22582150288833289     
  0.17861643118218679     
  0.14322751458922939     
  0.11726323053483900     
   9.6435311082808603E-002
   7.9857123648932035E-002
   6.6031807596944533E-002
   5.3271213186323808E-002
   4.4217974625421652E-002
   3.8042160604646456E-002
   3.1654403504595516E-002
   2.7104223048137119E-002
   2.2508475100622871E-002
   1.9449304076076764E-002
   1.4381533566189592E-002
   1.1854578487401415E-002
   9.8319633791707512E-003
   7.0101788209500976E-003
   3.7133267043082084E-003
   1.4159786391295575E-003
   1.7000289249882253E-003
   2.8088464029683916E-003
   1.0570591739913059E-003
   2.3619196951332728E-004
   4.9097242062796322E-005
  -1.0107786451516543E-003
  -2.0495397433969322E-004
   5.4357091575969133E-004
  -3.5901622053041396E-003
  -4.5222863486422474E-003
  -3.8501193563247201E-003
  -1.8592676077670517E-003
  -1.3736171089593363E-003
  -9.7871665875145803E-004
  -3.4603310990952907E-003
  -4.3932138787928744E-003
  -6.4259892529113204E-003
  -7.5427802724137190E-003
  -4.9019211574352680E-003
  -3.7205671631218460E-003
  -3.1098140529936882E-003
  -3.2631983804713494E-003
  -1.4069914180310763E-003
   8.5119940436065246E-004
   2.7492561893409377E-003
   3.6403987971919019E-003
   4.0837111350044159E-003
   5.3551094698721640E-003
   4.9153518392081067E-003
   4.7587431128171698E-003
   3.2457156933437979E-003
   5.9772571037760196E-003
   6.0250829968119413E-003
   6.2376093343442449E-003
   4.9979611981991606E-003
   6.0568998181656951E-003
   6.1102448190428881E-003
   7.8325307529059692E-003
   9.3370944380625018E-003
   1.0567219397844437E-002
   1.0358500200992196E-002
   1.0006531947138266E-002
   9.0491303522024606E-003
   8.3351133741072347E-003
   6.2747906395413024E-003
   4.1575964331131221E-003
   5.0176152189213520E-003
   4.1780686204003509E-003
   4.4282285964370735E-003
   6.4745553316541363E-003
   6.8493735754852703E-003
   8.4522422890241870E-003
   7.1382370263059587E-003
   6.3622152719415015E-003
   5.0023228045227843E-003
   3.6155646567153279E-003
   3.7894974088981291E-003
   4.7151908855642662E-003
   4.6013187788495925E-003
   5.4128216859448868E-003
   4.4996352283179037E-003
   4.1590907892669121E-003
   8.4791661041931914E-004
  -2.1651689974852236E-003
  -4.0627540049769347E-003
  -3.4210127710169696E-003
  -2.4034441300783780E-003
  -2.1030946526560393E-003
  -1.2272564951223922E-003
   2.0380682181235467E-003
   3.0414267584721001E-003
   3.7967899578872995E-003
   2.5818030076939715E-003
   2.2236809878176556E-004
  -6.5204993534293118E-004
  -1.3555592246242787E-003
  -1.3193966103988437E-003
  -3.5384094496071724E-003
  -4.4491428092029309E-003
  -8.5925759291310896E-003
  -7.9825240270862841E-003
  -8.4511074230723786E-003
  -9.5665700366321816E-003
  -1.0567254654853730E-002
  -9.7678319075498073E-003
  -6.8969036104319197E-003
  -5.7196892337325325E-003
  -7.2913995132241755E-003
  -5.1173211372645497E-003
  -1.6281857425022822E-003
   2.2659830002923335E-003
   5.2552827783780478E-003
   8.1680771536398952E-003
   8.9099535904927762E-003
   6.1314890536432968E-003
   4.6690794335211673E-003
   4.7264593853302405E-003
   4.8455167470635579E-003
   4.3283385163816008E-003
   2.4879869475602657E-003
   2.5802290017437252E-003
   3.9860337786142754E-003
   5.6813352297581969E-003
   7.1100303418930554E-003
   8.0052000207922920E-003
   7.2193011603198512E-003
   8.1899385339217496E-003
   7.7113265760166199E-003
   1.0096178521150490E-002
   7.3846613254411851E-003
   7.9630299779026269E-003
   7.4919435852615129E-003
   6.5483894404564265E-003
   5.6212810644306150E-003
   5.7189153841885974E-003
   4.1201379074072954E-003
   2.3526303362936219E-003
   3.7758132973561933E-003
   1.8689337663242663E-003
   1.7152076680192888E-003
   7.0702252187543975E-004
  -1.2219363823296825E-003
  -2.5967945182956364E-003
  -4.4113312538661903E-003
  -3.0138633915703320E-003
  -2.4655128675953038E-003
  -2.9204047562870210E-003
  -1.8634903705293626E-003
  -1.3963270214802125E-003
  -3.1300736884433532E-003
  -2.7988993903001018E-003
  -9.0075011602469524E-004
   1.0194310188481694E-003
   4.6853530658684756E-004
  -1.4102483818533933E-003
  -1.3591450357512609E-003
  -1.4840813633256727E-004
   5.2565954244549232E-004
   6.3972704477092360E-004
  -5.2784326736162346E-004
  -4.6750383528468137E-005
  -3.0351461890428281E-004
  -4.3723019383192718E-005
  -4.0741491016359796E-004
  -2.1847457241525915E-004
   1.4779042914663954E-003
   4.2609520096975953E-003
   5.0012081736579101E-003
   4.3397049323283029E-003
   2.6563888933595400E-003
   1.0500142451151642E-003
  -1.2136776600849913E-003
  -5.0347299907596153E-004
   1.9428335369487918E-003
   4.7941339362504833E-003
   4.6377833605190490E-003
   4.8776172315365702E-003
   5.9340652876726328E-003
   5.7974321296304279E-003
   6.8521372655350153E-003
   7.7632271909106182E-003
   7.5904497761763653E-003
   7.4998742032342768E-003
   8.3664177252285622E-003
   1.1225644898151220E-002
   1.2081158893442715E-002
   1.0362404367573059E-002
   8.2220618942941536E-003
   4.9989240838151441E-003
   2.9093331933103162E-003
   1.9570948373687645E-003
   3.2975880822695668E-003
   3.7396203300817141E-003
   2.2717501712523434E-003
   4.6529267088649424E-003
