   1.0000000000000000     
  0.83449290694679978     
  0.71614414267061077     
  0.62797527477910597     
  0.56110942348076165     
  0.50892498356072713     
  0.46602015482607295     
  0.43011743400527225     
  0.40020000988690868     
  0.37554883123027410     
  0.35549794135894747     
  0.33876885440588039     
  0.32229070814390942     
  0.30863678247378173     
  0.29691896358257819     
  0.28680145379728045     
  0.27655867473336948     
  0.26798285139466121     
  0.25928596649822105     
  0.25072167466306944     
  0.24389594115348279     
  0.23628558792372856     
  0.22931177688937643     
  0.22336249905334590     
  0.21754904884682644     
  0.21220956767613114     
  0.20650223478248692     
  0.20101932947688092     
  0.19534354525544059     
  0.19046002657423811     
  0.18652507238588259     
  0.18258569892962667     
  0.17752882899749864     
  0.17279695156822730     
  0.16840917295555674     
  0.16465474044452105     
  0.15953844158087624     
  0.15654471067306322     
  0.15364650550289258     
  0.15128184170346651     
  0.14917242549496237     
  0.14673855312498948     
  0.14333446944602929     
  0.14216395002537802     
  0.13991812187238950     
  0.13728531979259440     
  0.13427441988113958     
  0.13198012479852125     
  0.12987372155980006     
  0.12710606248537035     
  0.12437267473932108     
  0.12189069543600792     
  0.12028017837961209     
  0.11829306693593809     
  0.11597232672993693     
  0.11321322801600149     
  0.11204086035185387     
  0.11039701475718959     
  0.10881794036007265     
  0.10879506003439449     
  0.10860540498900738     
  0.10764511883755219     
  0.10608347505290429     
  0.10411845836487216     
  0.10311910639858807     
  0.10185756912911614     
  0.10062295896432531     
   9.9485877147471424E-002
   9.8694728189275646E-002
   9.7207618857926961E-002
   9.6032632707319418E-002
   9.5771815425776244E-002
   9.5528698784266175E-002
   9.4542255036049710E-002
   9.3183395376908701E-002
   9.1759787005570914E-002
   8.9935278685816966E-002
   8.8208545370667149E-002
   8.6832268089756803E-002
   8.4893537210089950E-002
   8.3552490718069763E-002
   8.1414199736085435E-002
   7.9038874435072598E-002
   7.7003963452360991E-002
   7.6227449905090533E-002
   7.5064378762290829E-002
   7.3582881878174772E-002
   7.2470545841537642E-002
   7.1740874267962731E-002
   7.0989231041325734E-002
   6.9739426605724728E-002
   6.8737731793483789E-002
   6.8250135354172431E-002
   6.7640172498182063E-002
   6.6204754111589964E-002
   6.5046181316377141E-002
   6.4116935125946642E-002
   6.3458399077459690E-002
   6.1771700098260614E-002
   6.1258760864658160E-002
   6.1259122511548650E-002
   6.0013214546346359E-002
   5.9619565466596552E-002
   5.9246625077110524E-002
   5.7892644475208060E-002
   5.6895892116719582E-002
   5.6242290708842027E-002
   5.5520108595724163E-002
   5.4521873212825894E-002
   5.3051466401104641E-002
   5.2201017492530033E-002
   5.1490483160078544E-002
   4.9637260151843755E-002
   4.7567615264428736E-002
   4.5696396425554973E-002
   4.4443807526050878E-002
   4.3460406741970402E-002
   4.2924837594754087E-002
   4.4080426024180046E-002
   4.4505357046636142E-002
   4.3758085574332389E-002
   4.1867274802823248E-002
   4.0928175919153521E-002
   4.0563191064288129E-002
   3.9981916256930435E-002
   3.9948659870751677E-002
   4.0345367385493894E-002
   4.0211179677514940E-002
   3.9800637448286359E-002
   3.9412172548653771E-002
   4.0043581266726615E-002
   4.0515872145754847E-002
   4.0968989712765948E-002
   4.1279370830459412E-002
   4.0830327400321990E-002
   4.1132948214324276E-002
   4.0437213618744479E-002
   3.9363706866493056E-002
   3.8715335310883198E-002
   3.8014873986359610E-002
   3.7841487798236692E-002
   3.7912467532575281E-002
   3.8573062983675160E-002
   3.8833455072655135E-002
   3.8221140593183899E-002
   3.8429363081050896E-002
   3.8768345703032579E-002
   3.8300129918988055E-002
   3.7165725134536066E-002
   3.7294469218836411E-002
   3.6067581599512323E-002
   3.6133252432355607E-002
   3.4477303721845813E-002
   3.3805809909939567E-002
   3.3251450404458392E-002
   3.2756975617628727E-002
   3.2749233053530419E-002
   3.3291332730588534E-002
   3.2373698966161595E-002
   3.1936893612796655E-002
   3.0099982265021554E-002
   2.8791427241140307E-002
   2.8902559240931987E-002
   2.9810757554475004E-002
   2.9557381047155985E-002
   2.9365337909637561E-002
   2.9259717454521501E-002
   2.8800857013688227E-002
   2.7818291243764826E-002
   2.6342882041544256E-002
   2.6183163858556260E-002
   2.6208763611772837E-002
   2.5808013257969588E-002
   2.5387614101721578E-002
   2.5123862496491223E-002
   2.6055870015536171E-002
   2.5616209645268118E-002
   2.4983699291938256E-002
   2.4262855676880420E-002
   2.2711382335783573E-002
   2.2437880099546947E-002
   2.1860760298206869E-002
   2.1221706561400294E-002
   2.0917940964491712E-002
   2.1381811999557344E-002
   2.1778279434504447E-002
   2.1915155540963720E-002
   2.1860645877743261E-002
   2.1197477183670408E-002
   2.0799712557343805E-002
   2.0404814379395671E-002
   2.0384717712252760E-002
   2.0582156324278102E-002
   2.0923645354004195E-002
   2.0536724956387750E-002
   2.0730446382391830E-002
   2.0711237416946422E-002
   1.9398886526457968E-002
   1.8780879115377132E-002
   1.8459017852676129E-002
