   1.0000000000000000     
  0.85788666111375267     
  0.74549853449178138     
  0.65503990961575242     
  0.58060395503367801     
  0.51870911423840582     
  0.46621354922463398     
  0.42211207765208453     
  0.38439337008551150     
  0.35098432479947894     
  0.32102977637384589     
  0.29498017849021263     
  0.27229218222383517     
  0.25231537074912269     
  0.23431002339562179     
  0.21693336986821449     
  0.20105990607380417     
  0.18702085155628431     
  0.17425342919305026     
  0.16283864806067705     
  0.15181978155953535     
  0.14174866184826126     
  0.13311421242980886     
  0.12505526918627902     
  0.11826179386513080     
  0.11127906114690664     
  0.10493407182386856     
   9.9141566605589301E-002
   9.3796651233817127E-002
   8.8544806626814992E-002
   8.3813673626189120E-002
   7.9341039865280003E-002
   7.4795584686253552E-002
   7.1177328508840815E-002
   6.6851061753014140E-002
   6.3597634526799313E-002
   6.0167780036822494E-002
   5.7329826693764643E-002
   5.4789249887801449E-002
   5.2412551812899763E-002
   4.9686060570894523E-002
   4.6677507282704971E-002
   4.4000335803615682E-002
   4.1660060548044373E-002
   3.8707348081271652E-002
   3.5889104821498201E-002
   3.3808291882292486E-002
   3.2027634949864617E-002
   3.0936150358607997E-002
   3.0010331583643975E-002
   2.9003379039506227E-002
   2.8577439021821544E-002
   2.8326307144075306E-002
   2.7677001929945481E-002
   2.8012420418695800E-002
   2.7822199747304335E-002
   2.7594247234568280E-002
   2.6923109460469948E-002
   2.6222233575478270E-002
   2.5746940495482859E-002
   2.5209140300515596E-002
   2.3771296756113652E-002
   2.1863735316944941E-002
   1.9740365230496219E-002
   1.8819802773603740E-002
   1.8573764322777863E-002
   1.8782221098352803E-002
   1.8739113909594391E-002
   1.8306609951431484E-002
   1.7891429539515443E-002
   1.7661531237529820E-002
   1.6555825509225127E-002
   1.5274301016997312E-002
   1.4075750841632069E-002
   1.2797925550411262E-002
   1.1871646555366867E-002
   1.1123031073945262E-002
   1.0694168648069859E-002
   9.8009736623219570E-003
   9.7538590028834644E-003
   9.9252910099201039E-003
   9.7104820480063171E-003
   9.1382273760876320E-003
   7.8898571519673971E-003
   6.7186846764655259E-003
   5.1915523300598600E-003
   4.4629128541685660E-003
   4.8487815232603733E-003
   5.1734201836664759E-003
   5.2265480916806779E-003
   6.3032800797271325E-003
   7.7976919821661243E-003
   9.5234629177739002E-003
   1.0550745677612137E-002
   1.1476529651552343E-002
   1.1682092458494341E-002
   1.1927412319773616E-002
   1.2292211157623391E-002
   1.2622409983779420E-002
   1.3357668782949045E-002
   1.2941478044611066E-002
   1.1655812721527338E-002
   1.0212195155167964E-002
   8.6554712496381744E-003
   7.1796216375201527E-003
   7.0760554474227069E-003
   7.3851112440309480E-003
   7.5295075602398046E-003
   7.9212579243623394E-003
   7.6800038645597184E-003
   7.0747280392200341E-003
   6.8779836875875067E-003
   6.6122928562039043E-003
   7.5147109676938599E-003
   7.7270217109017790E-003
   7.2676735785967500E-003
   7.6198352695655341E-003
   7.7913661694495344E-003
   6.9790605837354910E-003
   7.2337638826767831E-003
   6.6968565767497722E-003
   6.8614901564390913E-003
   7.1409982929274505E-003
   6.5447701397178745E-003
   5.6373379974198612E-003
   5.4948842344659000E-003
   5.2382911125106449E-003
   5.1725126970489435E-003
   5.9190200645017066E-003
   6.7025177714223599E-003
   6.5677742625981925E-003
   6.2736823578663581E-003
   6.7140203073687982E-003
   7.3702276919657798E-003
   8.0034208854349812E-003
   8.8158056483401744E-003
   9.4850818604446836E-003
   1.0089827241962805E-002
   1.0210604142520481E-002
   1.0140396567483497E-002
   1.0607371540709185E-002
   1.0621042025175541E-002
   1.0583813232752468E-002
   1.0885846811461647E-002
   1.0604463970271379E-002
   1.1185897767969097E-002
   1.2074800266828348E-002
   1.3022317536999017E-002
   1.3909793391548372E-002
   1.4381908402770387E-002
   1.5566798201237523E-002
   1.6348095974833117E-002
   1.6741158887088211E-002
   1.6425841332391583E-002
   1.4887998010468893E-002
   1.3355787937827691E-002
   1.2376276312880432E-002
   1.0946405450617588E-002
   9.9619843403387452E-003
   8.5515237403432608E-003
   7.9456505843942728E-003
   6.5190250825904201E-003
   4.9613009752105279E-003
   2.4798223652183113E-003
   5.4720407412600311E-004
  -4.3672910235520896E-004
  -1.1797387772179611E-003
  -1.2957134723094619E-003
  -1.3662915735186631E-003
  -1.7051739060359066E-003
  -1.8041506012581757E-003
  -2.2886373195919714E-003
  -2.6248375917106294E-003
  -3.2724328626840258E-003
  -3.0736182895706779E-003
  -2.1732617893714498E-003
  -1.4634556164951507E-003
  -8.1296882221680653E-004
  -6.6096676866108300E-005
   2.5631740883284685E-004
   7.7136741351320145E-004
   1.0221417600766638E-003
   1.4033194919709868E-003
   1.1476181676384049E-003
   1.0984717626426059E-003
   1.3956230511281379E-003
   1.8642570396492785E-003
   2.6803430482425124E-003
   3.6057094194614117E-003
   3.6895464982007000E-003
   3.8626172628873291E-003
   3.4480245692417384E-003
   3.1885407879761718E-003
   2.3953033460333271E-003
   2.5934606572784102E-003
   1.9265618427847704E-003
   1.3803207645405710E-003
   1.4205101817732117E-004
  -4.1018925092911428E-004
  -1.3391993882814301E-003
