0
0
0
0
0
0
0
0
0
0
0
0
0
0
0
0
0
0
0
0
0
0
0
0
0
0
0
0
0
0
0
0
0
0
0
0
0
0
0
0
0.00425098
0.0996882
0.61917
1.75714
3.25457
4.38859
4.79121
4.81427
3.84752
3.13102
2.2482
1.52086
0.981943
0.586189
0.312417
0.174715
0.0900219
0.0697004
0.0724817
0.123213
0.188472
0.257194
0.385923
0.529301
0.715216
0.878934
0.891912
0.940746
0.896354
0.750075
0.557124
0.386985
0.290002
0.23957
0.272314
0.40829
0.680128
1.02165
1.49927
2.04873
2.4961
2.78687
2.63825
2.29708
1.88561
1.47978
1.09409
0.762329
0.560749
0.520732
0.60506
0.725821
0.875515
0.959061
0.981842
0.956913
0.868061
0.775564
0.699079
0.636395

