   1.0000000000000000     
  0.85902180633242142     
  0.74790736088784848     
  0.65809775818188987     
  0.58422298498766900     
  0.52268832641518526     
  0.47082313549835719     
  0.42670100816614126     
  0.38903273519320691     
  0.35592332282271116     
  0.32682824559677320     
  0.30147002666807132     
  0.27955143056335552     
  0.25944344101300731     
  0.24086603526730321     
  0.22375752812023564     
  0.20842799050795199     
  0.19433145393670834     
  0.18139514462881554     
  0.17011952122531299     
  0.15919760303550826     
  0.14915884458695236     
  0.14008127302296572     
  0.13222444910639705     
  0.12560425280711432     
  0.11874982061158507     
  0.11231450019132208     
  0.10636858749785834     
  0.10047387336868863     
   9.5236744766445378E-002
   9.0639270637764544E-002
   8.7163627608732488E-002
   8.3061362618467860E-002
   7.9897620144079848E-002
   7.6116090988411836E-002
   7.2581875894955003E-002
   6.8648859217869881E-002
   6.5910794405454262E-002
   6.3359700862540017E-002
   6.0863923511420184E-002
   5.8766910225284373E-002
   5.6241404512171113E-002
   5.3599283222095166E-002
   5.0829045583679171E-002
   4.7740320201214402E-002
   4.5367778704195741E-002
   4.3199343696355391E-002
   4.1102375956842907E-002
   3.9579815289280847E-002
   3.8170027378748174E-002
   3.6920182272924290E-002
   3.6150391336220562E-002
   3.6112351544014029E-002
   3.5724508388111205E-002
   3.5715336569808236E-002
   3.5494329991634647E-002
   3.5055652029903100E-002
   3.4046768046047109E-002
   3.2018030235346835E-002
   3.0257494971643598E-002
   2.9647760342791801E-002
   2.8615559602779183E-002
   2.7889077774978972E-002
   2.6784897447649524E-002
   2.5788555753413159E-002
   2.4954355392231273E-002
   2.3134678081826211E-002
   2.2031862558619789E-002
   2.0466586884392176E-002
   1.9723567685613872E-002
   1.9409861012615187E-002
   1.8487351682109545E-002
   1.7657951497232975E-002
   1.7352398766412650E-002
   1.5875868991448806E-002
   1.5101339737424975E-002
   1.4162414714336677E-002
   1.3329416073920693E-002
   1.2612297605414229E-002
   1.2603609512848064E-002
   1.2890839478536659E-002
   1.3347362017771451E-002
   1.3346261656995947E-002
   1.3671059302547276E-002
   1.3304147300398729E-002
   1.2459839992200997E-002
   1.1784787635072310E-002
   1.1235468223443771E-002
   1.0886196083742488E-002
   1.0212828518333468E-002
   9.8386098388881620E-003
   9.6855748362972196E-003
   1.0247884535225857E-002
   1.0008345129469754E-002
   8.9333079883473741E-003
   8.3960684316455678E-003
   8.4166978999426680E-003
   8.4393842621406506E-003
   8.1506933102103232E-003
   7.3270579867073119E-003
   6.4777183540699603E-003
   6.0440897877558613E-003
   5.5747716638178792E-003
   5.5750567762713789E-003
   5.8541542349201800E-003
   6.2185558200932873E-003
   6.2386629177401389E-003
   6.9123248716956897E-003
   7.4138561035050959E-003
   8.3376976155290286E-003
   9.2391337393253944E-003
   1.0083623546574683E-002
   9.9005152649598756E-003
   1.0153284938118365E-002
   9.8290513743801017E-003
   9.2792771587179544E-003
   9.1796787328196263E-003
   8.8905253748034381E-003
   8.0889946684361246E-003
   8.6587263892495166E-003
   8.7504697782475552E-003
   8.3164816184391980E-003
   8.3805246684984375E-003
   8.4595843845381661E-003
   7.7668290811724848E-003
   6.8169219543364797E-003
   6.1745720928881092E-003
   5.6389620008583385E-003
   5.4496822376036754E-003
   5.3702181633717349E-003
   4.5552971057445562E-003
   3.7531653488105444E-003
   4.0504759737772138E-003
   4.9429807944302399E-003
   5.2989768534653769E-003
   5.4313931768460652E-003
   5.2007371765362539E-003
   4.3072225034996277E-003
   3.0373991587878311E-003
   2.6246891835055566E-003
   3.3889680305166738E-003
   2.8258026318718748E-003
   2.3401825240411509E-003
   1.8410245618273708E-003
   1.8781509073276248E-003
   2.3381392364894065E-003
   3.4033814770940947E-003
   4.0654371940438911E-003
   5.5495308404197490E-003
   6.2169600799262424E-003
   7.2407474035593332E-003
   8.4026886038916383E-003
   8.4596799044572030E-003
   9.0191635661530465E-003
   9.3089477758402980E-003
   9.5365500831455976E-003
   9.2225532723925283E-003
   8.4304691209074311E-003
   9.2152965397844493E-003
   9.2999859203932826E-003
   9.7652856185801336E-003
   9.8263264979480455E-003
   9.7343484815401241E-003
   9.4457686244651604E-003
   8.8081233897365236E-003
   8.3658223100306680E-003
   8.3228798722115270E-003
   8.8088959913400107E-003
   7.7957873356712705E-003
   7.2451030372771875E-003
   6.8599670765453679E-003
   6.1829346841182648E-003
   5.5151530897545901E-003
   5.0800753667337327E-003
   4.7428864035527485E-003
   4.7828997944768699E-003
   5.1346920001974780E-003
   5.0840443860320781E-003
   5.3106875961748618E-003
   5.6300618115639935E-003
   5.5447287983006336E-003
   5.6144553767802094E-003
   5.8813779384265259E-003
   5.0928211730927996E-003
   4.2260008983572859E-003
   3.7618249720883300E-003
   3.5319926220899840E-003
   3.5459671129261542E-003
   3.5773929300160446E-003
   3.6486507896166514E-003
   3.6229595242266081E-003
   2.7242173939885468E-003
   1.9008074737188424E-003
   1.4039708254440361E-003
   8.5258662119690307E-004
   5.3240908237749433E-004
  -9.4298419160144742E-005
  -7.9150957725064185E-004
  -1.8414907111955483E-003
  -3.0879211097050410E-003
