   0.0000000000000000e+00   0.0000000000000000e+00   0.0000000000000000e+00
   5.1186895370483398e-01   4.5471367239952087e-01  -7.2885227203369141e-01
   8.3418187499046326e-01   3.6929806321859360e-01  -1.6716240048408508e+00
   9.3947045505046844e-01  -5.8322332054376602e-01  -1.3859364390373230e+00
   1.0831745862960815e+00  -5.2410925552248955e-01  -3.9808291196823120e-01
   1.0558776278048754e+00   1.4405022934079170e-01  -1.1416000723838806e+00
   2.6944220252335072e-01  -4.6287150308489799e-01  -1.2563406527042389e+00
   1.9247535057365894e-01  -6.3931704685091972e-01  -2.2376372516155243e+00
  -5.1825478486716747e-01  -1.2359511367976665e+00  -2.6103174090385437e+00
  -2.9730103723704815e-01  -1.2134924046695232e+00  -1.6352917551994324e+00
   2.8995500877499580e-02  -2.6847983524203300e-01  -1.6572411153465509e+00
  -8.8006020896136761e-01  -3.7936078384518623e-01  -2.0588915441185236e+00
  -1.1325125526636839e+00   5.2720408886671066e-02  -2.9246707651764154e+00
  -2.0668117515742779e-01   3.5877637192606926e-01  -2.7029367927461863e+00
  -8.5844634287059307e-01   3.8727004639804363e-01  -1.9450513962656260e+00
  -8.1541856937110424e-01   1.0892274510115385e+00  -2.6559693459421396e+00
  -6.6347618214786053e-01   2.0702399145811796e+00  -2.5354371536523104e+00
  -4.2699469253420830e-02   1.3127989303320646e+00  -2.3331516850739717e+00
  -2.3236700706183910e-01   2.2780450712889433e+00  -2.1533571053296328e+00
  -8.8237651996314526e-01   1.8464104961603880e+00  -2.7788002658635378e+00
  -3.8191357068717480e-01   2.0457527767866850e+00  -3.6212962437421083e+00
   3.3497235365211964e-01   1.3518076669424772e+00  -3.5541047994047403e+00
  -3.5550734214484692e-01   1.9891987573355436e+00  -3.2120954040437937e+00
  -3.2143276184797287e-03   2.2355003636330366e+00  -2.3091972116380930e+00
  -2.8280976228415966e-01   2.1364244651049376e+00  -3.2641895655542612e+00
   5.9142831154167652e-01   2.2455580364912748e+00  -2.7911169771105051e+00
   9.2337575741112232e-01   1.4156932365149260e+00  -3.2395980302244425e+00
   1.2070972938090563e+00   2.3732603918761015e+00  -3.1889309156686068e+00
   1.6029825527220964e+00   2.5471194516867399e+00  -2.2872392404824495e+00
   1.2527560908347368e+00   1.6193426977843046e+00  -2.1585083920508623e+00
   1.1506199706345797e+00   1.5051829423755407e+00  -3.1467066127806902e+00
   1.2120663877576590e+00   1.1001403238624334e+00  -2.2344759423285723e+00
   9.7959064505994320e-01   1.0534625668078661e+00  -1.2629944998770952e+00
   8.5419613681733608e-01   1.0957989003509283e+00  -2.2541977483779192e+00
   1.2339152451604605e+00   1.9524996783584356e+00  -1.9050887245684862e+00
   1.2301607192493975e+00   1.1199123170226812e+00  -2.4589697737246752e+00
   1.3337595374323428e+00   4.5103084109723568e-01  -1.7228550929576159e+00
   1.1922748745419085e+00   8.7242581509053707e-01  -2.6186275500804186e+00
   1.8108803094364703e+00   6.5915535949170589e-01  -3.3748305458575487e+00
   8.8091827044263482e-01   3.3337422274053097e-01  -3.5452339667826891e+00
   1.1038433075882494e+00   7.9273041151463985e-01  -4.4050573725253344e+00
   1.0561872669495642e+00   7.9040662385523319e-01  -3.4061962980777025e+00
   9.4121840083971620e-01   8.1781207397580147e-01  -4.3991872686892748e+00
   1.3499777265824378e+00   1.0766810365021229e+00  -5.2743459362536669e+00
   1.9462540098465979e+00   4.8148174956440926e-01  -4.7356508988887072e+00
   1.9617434390820563e+00   5.0857217237353325e-01  -5.7351638693362474e+00
   2.6157492049969733e+00   7.4809853360056877e-01  -5.0175960678607225e+00
   1.9748698719777167e+00   4.5989912003278732e-02  -5.3279459793120623e+00
   1.2477457174099982e+00   4.7982896491885185e-01  -5.8599931318312883e+00
   8.0174752557650208e-01   4.3271044641733170e-01  -4.9662003833800554e+00
   9.1045000636950135e-01   3.7785060331225395e-01  -5.9587597567588091e+00
   5.3849520767107606e-01  -1.7884640768170357e-01  -5.2159689981490374e+00
  -3.7075284635648131e-01  -5.4588933661580086e-01  -5.0196336079388857e+00
   3.4831305826082826e-01  -5.3422612883150578e-01  -5.7144776154309511e+00
   3.9771662885323167e-01  -6.2637650407850742e-01  -6.7089963722974062e+00
  -2.4343307083472610e-01  -6.0951826535165310e-01  -5.9417657423764467e+00
   1.6031845146790147e-01  -2.9101244173943996e-01  -6.7994013000279665e+00
   8.3061742130666971e-02   6.2045747414231300e-02  -5.8669951129704714e+00
   9.2335646087303758e-01  -2.9022080264985561e-01  -5.4549113083630800e+00
   5.9240542585030198e-01   4.7677699476480484e-03  -4.5585557986050844e+00
   1.0744993858970702e+00  -6.1540407501161098e-01  -5.1774032879620790e+00
   1.4989309781230986e+00  -8.0736423097550869e-01  -6.0622813273221254e+00
   2.3359407656826079e+00  -4.3080545030534267e-01  -5.6652698684483767e+00
   3.1007667654193938e+00   2.1104597486555576e-01  -5.7206594441086054e+00
   2.8723854296840727e+00   1.1584607902914286e+00  -5.9448183272033930e+00
   2.9241246269084513e+00   8.6018758453428745e-01  -6.8978955242782831e+00
   2.6789448992349207e+00  -5.4849809035658836e-02  -6.5775933358818293e+00
   2.4176885918714106e+00   1.7903768457472324e-01  -5.6410882566124201e+00
   2.2373373196460307e+00   4.4123882427811623e-02  -4.6667825076729059e+00
   2.1639029742218554e+00   1.8239215947687626e-01  -5.6544511411339045e+00
   1.6679550469852984e+00  -5.9551109932363033e-01  -5.2685725782066584e+00
   1.0431515038944781e+00  -1.2933728303760290e+00  -4.9184161517769098e+00
   1.1924673379398882e+00  -3.0596186779439449e-01  -4.8662205357104540e+00
   6.9719973811879754e-01   4.3630174733698368e-01  -4.4148285109549761e+00
   6.9242616277188063e-01  -4.9071439169347286e-01  -4.0398373622447252e+00
   1.1842694757506251e+00  -2.2153027914464474e-01  -4.8678652066737413e+00
   8.4034778457134962e-01  -4.2049095593392849e-01  -5.7855429667979479e+00
   1.2621835349127650e+00   3.1239053048193455e-01  -5.2517458815127611e+00
   7.6037179213017225e-01   9.0207161940634251e-01  -4.6189258117228746e+00
   1.6342280432581902e-03   1.5412683729082346e+00  -4.4934476930648088e+00
  -9.0630759019404650e-01   1.3545763287693262e+00  -4.1182307917624712e+00
  -1.2838103296235204e+00   8.9890087582170963e-01  -3.3120970446616411e+00
  -1.7172786714509130e+00   1.4563567135483027e+00  -2.6040376145392656e+00
  -2.1888588787987828e+00   2.3344615194946527e+00  -2.6849331650882959e+00
  -1.5034232856705785e+00   1.8352123592048883e+00  -2.1549064312130213e+00
  -1.3210325213149190e+00   1.8080392386764288e+00  -3.1377569828182459e+00
  -1.9845783682540059e+00   1.9556191470474005e+00  -2.4043218288570642e+00
  -1.9831778126535937e+00   1.9540835872758180e+00  -1.4043239746242762e+00
  -1.9073743912158534e+00   1.8585834235418588e+00  -4.1178504563868046e-01
  -2.7086393329082057e+00   1.4406053156126291e+00  -8.3988405205309391e-01
  -3.1845990809379146e+00   2.0923416346777231e+00  -1.4303940627723932e+00
  -3.2958063277183101e+00   1.1044696897733957e+00  -1.5387545917183161e+00
  -3.4090349989710376e+00   1.9513114423025399e+00  -2.0584066007286310e+00
  -2.8854009228525683e+00   2.0593685463536531e+00  -1.2133438680320978e+00
  -2.3423933702288195e+00   1.2443926886189729e+00  -1.4157227072864771e+00
  -2.7276785093126819e+00   1.4558824256528169e+00  -2.3139584455639124e+00
  -2.4079796391306445e+00   1.1525552526582032e+00  -1.4163030181080103e+00
  -2.1102597730932757e+00   1.9109205261338502e+00  -8.3643660880625248e-01
  -2.4194927531061694e+00   1.9786952689755708e+00   1.1213155649602413e-01
  -1.6799879389582202e+00   2.0317254208493978e+00  -5.5892757512629032e-01
