   0.0000000000000000e+00   0.0000000000000000e+00   0.0000000000000000e+00
  -1.7457338102687120e-01   8.6396911305992807e-02   1.0665209262572517e+00
  -5.6610747807168293e-01   2.4112494758027174e-02   4.1779969086969848e-01
  -7.0039314697837374e-01  -4.8983321274366792e-01   7.8197257636546513e-01
  -8.5686567113085665e-01  -5.7010988134452711e-01   6.8537895946857297e-01
  -9.0340154883146417e-01  -6.1492359626271931e-01   1.7019956703614514e+00
  -8.0837051302285501e-01  -6.2031072611290672e-01   9.7476622863730678e-01
  -7.4373935903806698e-02  -1.8700188115045906e+00   3.4815856877690543e-01
  -1.3394307636583680e+00  -1.9494261377913187e+00   1.1976869216330617e+00
  -1.6235943514421010e+00  -1.3289479599262739e+00   1.5388900745884897e+00
  -3.1289724476377203e+00  -1.6331298940853793e+00   1.2868664867393289e+00
  -3.5414382794206922e+00  -2.5694726367704988e+00   1.5087149525902550e+00
  -3.8649167844626260e+00  -2.8286735835423005e+00   2.3535410663976033e+00
  -5.6246897715987414e+00  -2.6034042477782795e+00   3.3615842532004190e+00
  -6.2366931852704361e+00  -2.9881974347381588e+00   3.4187211889617757e+00
  -5.6275335935522497e+00  -3.1777533102522568e+00   2.8835077637788267e+00
  -6.3767541923593996e+00  -3.1846255621413011e+00   2.6870791971110499e+00
  -5.1675592222290083e+00  -3.3813095508014279e+00   8.7597637661379490e-01
  -5.1704409813461387e+00  -3.3746101636103520e+00   1.5896424257116031e+00
  -6.4031974790712098e+00  -2.1621072294935892e+00   1.6778753057605995e+00
  -6.4187407023954020e+00  -2.2902540244279868e+00   1.8121106871792549e+00
  -6.4746303768672826e+00  -2.8783860797746526e+00   3.1814360491514981e+00
  -6.0025846621358632e+00  -3.7919611200519934e+00   3.5528229530339579e+00
  -5.7969609118782071e+00  -4.1187097945551034e+00   2.9657929808889771e+00
  -5.0764592544301168e+00  -4.3413341473858003e+00   3.0091910351353923e+00
  -4.9603653459484676e+00  -4.3424013903087078e+00   3.4395616057029139e+00
  -5.2275449234073266e+00  -4.7987727494122820e+00   3.0592002100571567e+00
  -4.8763004636275022e+00  -4.4190494041552961e+00   2.2948954597023818e+00
  -4.2761708430456524e+00  -3.8481194216432444e+00   3.2528055742351598e+00
  -5.5858475307936448e+00  -6.0544064380360938e+00   2.1417655774061966e+00
  -5.5983137151121412e+00  -6.0412685802593193e+00   2.4549193362702146e+00
  -6.3363468044367579e+00  -7.2479284663038621e+00   2.7588790193072175e+00
  -6.4727084989449555e+00  -6.8523128946404084e+00   1.9699017011196571e+00
  -6.0599970715932479e+00  -7.8683962079184013e+00   1.7139510255985118e+00
  -6.6671633612243673e+00  -8.1479430845968288e+00   1.3134927058121995e+00
  -6.1686133073872416e+00  -8.4279249043218964e+00   2.9630264299276305e+00
  -6.3112423186440347e+00  -7.7549706143855808e+00   3.4900329544841444e+00
  -5.7607874330593543e+00  -8.1179968075440119e+00   3.9548155726677194e+00
  -7.8573905780498352e+00  -8.3101516348535895e+00   3.7064347813759371e+00
  -7.2727110553092613e+00  -8.5439083536977396e+00   4.1976881744973600e+00
  -7.5293510528616219e+00  -8.8413623313553344e+00   4.4994606141459226e+00
  -7.5296016692240340e+00  -8.8373010168016357e+00   4.4539454827896865e+00
  -8.0693281452674377e+00  -8.7821113382853238e+00   6.0689009383787340e+00
  -8.6823158095641464e+00  -9.3645953160665361e+00   5.2077935550059467e+00
  -9.7437772564453571e+00  -8.7820629514524740e+00   4.1785786100761841e+00
  -9.7593231976362294e+00  -9.0030816911462423e+00   3.8045140503882204e+00
  -1.0900297195626035e+01  -8.4904634879174754e+00   3.2521841854340163e+00
  -1.0685689800719457e+01  -8.2891617720354862e+00   2.7895646242178573e+00
  -1.0351025786914088e+01  -7.7974571515664985e+00   3.0727533659228050e+00
  -1.1702113903501814e+01  -4.5439118732915968e+00   4.6359792919751506e+00
  -1.1870772765764915e+01  -4.2893176763770047e+00   4.2308748973311143e+00
  -1.1310903596895583e+01  -3.4451899625770990e+00   4.9853641339766712e+00
  -1.1253999320689624e+01  -4.2328942811506378e+00   5.2936570201532929e+00
  -1.1395329084235376e+01  -4.1750243247429699e+00   4.4520463748372832e+00
  -1.0827060128162087e+01  -3.2479573591963455e+00   5.1598284272634611e+00
  -9.3751402695988126e+00  -3.2246236488320066e+00   4.4056778739875186e+00
  -1.0108709311194549e+01  -3.8355268886903602e+00   4.3953918588920482e+00
  -1.1281961630586515e+01  -2.0467071667413190e+00   4.5999375793530328e+00
  -1.2261159566196891e+01   2.0235829161967629e+01  -4.9796808386746934e+00
  -1.2457564513377427e+01   2.0313887899645152e+01  -3.7058720460539947e+00
  -1.3194150640417526e+01   2.1268480135103840e+01  -2.5693038112656179e+00
  -1.3254600229730686e+01   2.0614784121005677e+01  -1.5029683211114486e+00
  -1.3097108871483570e+01   1.9976550955420485e+01  -1.4535810885425993e+00
  -1.3361793340500224e+01   1.9998486880240307e+01  -2.1396583637292670e+00
  -1.3374928381511671e+01   1.9953587803562957e+01  -2.4831796202597283e+00
  -1.3041830771139152e+01   1.9938101446862511e+01  -2.4376414732336271e+00
  -2.7729948438205369e+01   2.6713228454299724e+01   1.3115220880351304e+00
  -2.7425400629279860e+01   2.7302215290302403e+01   2.8436411421758567e-02
  -2.6053935115932440e+01   2.4159195848473388e+01  -5.4813273470558621e-01
  -2.6546730276985038e+01   2.4859820944555747e+01  -4.7234263126872583e-01
  -2.6821393924331481e+01   2.5283488028768538e+01  -1.7763746279139370e+00
  -2.6095696580810149e+01   2.6446593489318232e+01  -2.0037874259678503e+00
  -2.5352762243535551e+01   2.6170038416790327e+01  -3.3301431343335075e+00
  -2.5570803871832563e+01   2.5933836002005002e+01  -2.7398877025798356e+00
  -2.5555990546224002e+01   2.5883292221246098e+01  -2.1212610929293239e+00
  -2.6136331817813652e+01   2.5937109660063307e+01  -3.8131093987126112e+00
  -2.6493575100989400e+01   2.5842725775120442e+01  -4.1315274825175683e+00
  -2.9254543267982307e+01   2.3823485890382226e+01  -6.4118620369265935e+00
  -3.3498258665795589e+01   2.6640140565869768e+01   1.5786879452831098e+01
  -3.3345540833925021e+01   2.7704510043679743e+01   1.5161455151565249e+01
  -3.3225985765389140e+01   2.7669385880487969e+01   1.5012389925123964e+01
  -3.3849147007099262e+01   2.8181014863422991e+01   1.3762484142687763e+01
  -3.3899463273385855e+01   2.8258177754344707e+01   1.3513619558751952e+01
  -3.4605466507321623e+01   2.8857958271877656e+01   1.2309787482810744e+01
  -3.5472119025831816e+01   2.9645987891397031e+01   1.1971690853176908e+01
  -3.5423945101191478e+01   2.9701035294330641e+01   1.1155846515765109e+01
  -3.8561349242140182e+01   3.0867277978843639e+01   1.0764863154690408e+01
  -3.8592536214856935e+01   3.1362887503525403e+01   1.0894428537960573e+01
  -3.8800805295843404e+01   3.3225763393103250e+01   1.1255074667369479e+01
  -3.8731383596395496e+01   3.2965106306778118e+01   1.2092144447368637e+01
  -3.8172896817629159e+01   3.4087646566724381e+01   1.1906354426863411e+01
  -3.7485220341123060e+01   3.4512802360834627e+01   1.1438296025077571e+01
  -3.7206130043046322e+01   3.3004359186408351e+01   1.2029904406354433e+01
  -3.7309949860473061e+01   3.2660735498768823e+01   1.5256828834145100e+01
  -3.7594352256617114e+01   3.3314098365443485e+01   1.2898003018672899e+01
  -3.7935067874166585e+01   3.4291740235756464e+01   1.4272006830495338e+01
  -3.8720679753117430e+01   3.4021152981863061e+01   1.3672026161777971e+01
  -3.8722764585819746e+01   3.4021752885072054e+01   1.5156009206770850e+01
  -3.8773031485494471e+01   3.4297788185127388e+01   1.4717202084259187e+01
  -3.8041176119540054e+01   3.5009789174166038e+01   1.4879543088232985e+01
  -3.8359789072599902e+01   3.5429595544752630e+01   1.3653249721362826e+01
  -3.9073241435101430e+01   3.5234777436563355e+01   1.3105530119692753e+01
  -3.9775540872685340e+01   3.5087727582197246e+01   1.4744606155595614e+01
  -4.0011823155678933e+01   3.5774719349845952e+01   1.4982292548995282e+01
  -4.1330085538478315e+01   3.8541870123665454e+01   1.3451755465685572e+01
  -4.0068869305849702e+01   3.7645813167916899e+01   1.2751427655589662e+01
  -3.9991170814808349e+01   3.7633047355961970e+01   1.2544197207177818e+01
  -3.9834096527132395e+01   3.7365544207578395e+01   1.2272978266545472e+01
  -3.9390799098072435e+01   3.7272054771491490e+01   1.2357077406377265e+01
  -3.7865472027256693e+01   3.5031804364848341e+01   2.3934886501806751e+00
  -3.7606412898154424e+01   3.5917253324124481e+01   1.2737850323479947e+00
  -3.7470905976390753e+01   3.5777279831623133e+01   1.5918688507360845e-01
  -3.6728692970303392e+01   3.6217384465698515e+01  -1.7313625863213716e-01
  -3.7474921275410289e+01   3.6567770236586725e+01   2.5442680349060198e-01
  -3.7878761418572637e+01   3.6200582291239627e+01   1.7109735343351855e+00
  -3.7879457229027395e+01   3.6199048228577560e+01   1.8384748601562986e+00
  -3.7871372318315821e+01   3.6303985585347824e+01   1.9691663881053962e+00
  -3.7389169694874766e+01   3.5043127112906923e+01   9.7210361636773290e-01
  -3.7404821208287657e+01   3.4993078944923525e+01   4.0368340115274837e-01
  -3.6653554647086310e+01   3.4445257792628311e+01   1.7766268326002949e-01
  -3.6022384479574207e+01   3.4383823766997686e+01  -7.6381663057178106e-01
  -3.6434963272708892e+01   3.4120558531662084e+01  -1.5122437033121012e+00
  -3.2833369822946416e+01   3.3808941153374519e+01  -1.4862784053189337e+00
  -3.2027647359056083e+01   3.3127733015497469e+01  -6.3399246849973956e+00
  -3.1830768898715185e+01   3.3149682353367453e+01  -6.6932893606959158e+00
  -3.1826525280110022e+01   3.3115468791090713e+01  -6.8290672065981335e+00
  -2.9410507857419386e+01   3.3596588995245810e+01  -5.9655268978878313e+00
  -3.0188525321327461e+01   3.3672372375887925e+01  -6.4935976512736175e+00
  -3.0053331649213927e+01   3.3520184747580423e+01  -5.8767286631080013e+00
  -2.9885157076503216e+01   3.5556455737700958e+01  -6.2622267889793308e+00
  -3.0344155285644746e+01   3.5957424235678182e+01  -4.8818134916022107e+00
  -2.7417979734602426e+01   3.4373117665983777e+01  -5.4203948958504036e+00
  -2.7975635656012127e+01   3.5369512654183211e+01  -4.0725699170608278e+00
  -2.7820151899637125e+01   3.5299153642715318e+01  -5.5457048308295240e+00
  -2.4776101648097644e+01   3.3679245801775487e+01  -1.3468010784209365e+00
  -2.4871668253058434e+01   3.3249860892374045e+01  -2.1019553506923443e+00
  -2.4526923818915463e+01   3.2598916821669384e+01  -2.8541067733622407e+00
  -2.2093142177606442e+01   3.7007712978420493e+01  -2.8603780965915671e+00
  -2.3166107143189617e+01   3.7252015872529377e+01  -6.2661804980005291e+00
  -2.4047314010374098e+01   3.9346231577252730e+01  -6.3198222423948822e+00
  -2.4250179799240701e+01   4.0606832541820665e+01  -6.0968315994058511e+00
  -2.4047193838700387e+01   4.0989772694997342e+01  -7.6843118453757917e+00
  -2.3318320304659959e+01   4.1684261117697517e+01  -7.9438698933375385e+00
  -2.3284345070148333e+01   4.1504698229577556e+01  -6.0947381836169248e+00
  -2.3410454548223111e+01   4.0630881911132576e+01  -8.6310369531277580e+00
  -2.3717818155006139e+01   4.0994965236069675e+01  -8.2303873687305984e+00
  -2.3618373359918529e+01   4.2714673985744625e+01  -8.2152427830291899e+00
  -2.3944984736220075e+01   4.3436066864525301e+01  -8.6637406334910434e+00
  -2.4116969405302918e+01   4.3596810531159591e+01  -8.0473248494294687e+00
  -2.4118936256517070e+01   4.3597674210481948e+01  -1.0006754413214166e+01
  -2.4229142127335717e+01   4.3677753300753523e+01  -1.0196976344263645e+01
  -2.4876149475115628e+01   4.4064867758474300e+01  -1.0072679629309896e+01
  -2.4816879927706719e+01   4.4141567357117864e+01  -1.0187728784032210e+01
  -2.5069445933265310e+01   4.6088222318870841e+01  -9.6475105122447928e+00
  -2.5014299006789216e+01   4.6002877906761341e+01  -9.6977322561965700e+00
  -2.2953260135239830e+01   4.4423056306366291e+01  -7.8331954338022127e+00
  -2.2728291603315991e+01   4.4318918708666196e+01  -8.7766063522416289e+00
  -2.2659753822515544e+01   4.4592024671668511e+01  -9.7003078815163981e+00
  -2.2898692949592835e+01   4.6199835069168479e+01  -9.1533254639303436e+00
  -2.3255284934943898e+01   4.5371926838118128e+01  -8.4556466972803239e+00
  -2.3416542951655217e+01   4.5755327111609851e+01  -8.5425142304485711e+00
  -2.3438791762092148e+01   4.5441572648344909e+01  -7.3794240082125571e+00
  -2.3871002599671804e+01   4.5587010599864342e+01  -7.5297712692510537e+00
  -2.4738675209332662e+01   4.5325979604985939e+01  -7.3983680307107846e+00
  -2.4738135758788136e+01   4.5463113059738276e+01  -7.9417270460842913e+00
  -2.4739335917097783e+01   4.5462099267234692e+01  -6.9585427127223856e+00
  -2.4915904448051808e+01   4.5547199813458121e+01  -7.2551179145803637e+00
  -2.5489950357782480e+01   4.5070035855954373e+01  -8.2766803434721492e+00
  -2.2344255409186314e+01   4.5105823868019812e+01  -9.3979060914449004e+00
  -2.4639220931617952e+01   4.5437652251791725e+01  -3.2989812355893076e+00
  -2.4451275558272820e+02   1.0176192415316930e+02   7.1247322114076258e+02
  -2.4381171033807732e+02   1.0161222835211586e+02   7.1277418793451375e+02
  -2.4296004882655279e+02   1.0126448392511836e+02   7.1267396439991808e+02
  -2.4442447917182301e+02   1.0113665596034117e+02   7.1306639799982690e+02
  -2.4425460866298744e+02   1.0094163211960594e+02   7.1138064688201734e+02
  -2.4417560724704961e+02   1.0100931031125842e+02   7.1077579699087698e+02
  -2.4466499163511273e+02   1.0153821033730881e+02   7.1154644963450301e+02
  -2.4465814711193153e+02   1.0154608803904686e+02   7.0562078318137549e+02
  -2.4355086840766418e+02   1.0022198044394577e+02   7.0626756321563198e+02
  -2.4331764579213757e+02   1.0029786892880664e+02   7.0570358125716189e+02
  -2.4295980730093186e+02   1.0051169129758128e+02   7.0694595644892854e+02
  -2.4298480434197782e+02   1.0058561931220910e+02   7.0754164724836812e+02
  -2.4298873469561315e+02   1.0050822974504631e+02   7.0756170707801289e+02
  -2.4266193808635404e+02   9.9723765452013367e+01   7.0870635014973448e+02
  -2.4260893801108733e+02   9.9310286455943356e+01   7.1058346529140238e+02
  -2.4329860841532968e+02   9.9477736088391211e+01   7.0990776144505548e+02
  -2.4377866663267670e+02   1.0088336821755021e+02   7.1010667846461445e+02
  -2.4380733231896482e+02   1.0071830864963866e+02   7.1019393396338512e+02
  -2.4319941430151260e+02   1.0043237149126091e+02   7.0982332834290230e+02
  -2.4313175807590386e+02   1.0060831258036606e+02   7.0973644110626185e+02
  -2.4215440308526462e+02   1.0028244377188409e+02   7.0952090369773612e+02
  -2.4122162752121469e+02   1.0166522108732711e+02   7.0912617561392415e+02
  -2.4058090077631797e+02   1.0178979863805769e+02   7.1003332175583739e+02
  -2.3827924486395415e+02   1.0237724913873235e+02   7.1018329307391434e+02
  -2.3263997698333702e+02   9.8072842359678930e+01   7.1297654700798569e+02
  -2.3243990709287661e+02   9.8241042078027675e+01   7.1432447134557265e+02
  -2.3313008029569775e+02   9.8300328354252144e+01   7.1473855771624005e+02
  -2.3272014942424101e+02   9.8800039300337673e+01   7.1552977282616348e+02
  -2.3308040597230524e+02   9.9189691964683874e+01   7.1603355387857778e+02
  -2.3318190367072091e+02   9.9293111050803844e+01   7.1632676351210364e+02
  -2.3357012442470744e+02   9.8539983764933325e+01   7.1621735361462891e+02
  -2.3343629627870015e+02   9.8667069686186906e+01   7.1519757809576879e+02
  -2.3348359399833376e+02   9.8442374174837013e+01   7.1541911892517089e+02
  -2.3257154623259106e+02   9.8743404239309370e+01   7.1623304045798034e+02
  -2.3434096817430776e+02   9.6765767562906476e+01   7.1467971322392407e+02
  -2.3500657173170433e+02   9.7741972252529834e+01   7.1498607786418722e+02
  -2.3427767865237894e+02   9.6938492714441438e+01   7.1524666733782885e+02
  -2.3412188493006545e+02   9.6263130547247059e+01   7.1580811317231291e+02
  -2.3442241585442861e+02   9.5984874972803752e+01   7.1564457592344104e+02
  -2.3456320828702698e+02   9.5950236386865285e+01   7.1618209182992405e+02
  -2.3344682008777679e+02   9.6065290596486335e+01   7.1548203099435466e+02
  -2.4235101057527967e+02   1.0055345488602696e+02   7.0967619648389541e+02
  -2.4210260751267913e+02   1.0096562022851937e+02   7.0841597420157268e+02
  -2.4269865435697352e+02   1.0219026010469774e+02   7.0970718082533995e+02
  -2.4281040127595767e+02   1.0220045794271856e+02   7.0965046069271739e+02
  -2.4403213303698698e+02   1.0273345456469477e+02   7.0987611015797108e+02
  -2.4416860498444765e+02   1.0298722441864507e+02   7.1122499897576563e+02
  -2.4442087826931714e+02   1.0208063087494746e+02   7.1185366590136312e+02
  -2.4372823558354850e+02   1.0301364461489423e+02   7.1213631961271994e+02
  -2.5585146647326988e+02   1.2000524998354450e+02   7.2643372700937641e+02
  -2.5586703986747301e+02   1.2006865127498301e+02   7.2713924862314786e+02
  -2.5708749331473530e+02   1.1942824050303619e+02   7.2290842856387121e+02
  -2.5715197055185746e+02   1.1952155121407128e+02   7.2280522815273605e+02
  -2.5624468834255634e+02   1.1983519894322852e+02   7.2231693771179175e+02
  -2.5646352447158932e+02   1.1994087612955727e+02   7.2204881883973701e+02
  -2.5676295031829272e+02   1.1882021038153755e+02   7.2154295538227166e+02
  -2.5665514684378041e+02   1.1919486455125293e+02   7.2091949075682510e+02
  -2.5554718093401235e+02   1.2133325689684040e+02   7.1735991514450859e+02
  -2.5241525321414383e+02   1.2397448073991809e+02   7.1269355633554449e+02
  -2.5314401189408952e+02   1.2487182564192059e+02   7.1209514272434183e+02
  -2.5306126161646364e+02   1.2421941035175256e+02   7.1209097863445015e+02
  -2.5363257267730128e+02   1.2478807557606086e+02   7.1197161299502227e+02
  -2.5372404216578775e+02   1.2526268388632106e+02   7.1102981217306240e+02
  -2.5283825692700663e+02   1.2506834815791089e+02   7.0982014391037956e+02
  -2.5268882043721402e+02   1.2489922864521267e+02   7.0950196515699179e+02
  -2.5287514767224425e+02   1.2516369208225298e+02   7.0956937504443363e+02
  -2.5304693127849816e+02   1.2509679974085168e+02   7.0898275366125642e+02
  -2.5071020190240537e+02   1.2508506418046643e+02   7.1459426853898378e+02
  -2.4923320220779487e+02   1.2620328760584019e+02   7.1536098766298801e+02
  -2.4911081168762476e+02   1.2552407892328800e+02   7.1668735389415417e+02
  -2.4888542406867995e+02   1.2555125998124716e+02   7.1650044289735376e+02
  -2.4769012754614218e+02   1.2554194568848817e+02   7.1698512906865642e+02
  -2.4752908449611203e+02   1.2548806693441972e+02   7.1420717971462204e+02
  -2.4930150202731500e+02   1.2430465693395776e+02   7.1262640048257640e+02
  -2.4928568898764874e+02   1.2418640344668279e+02   7.3276232912360729e+02
  -2.4977666242289129e+02   1.2495588839056981e+02   7.3356272234595474e+02
  -2.4971719951590677e+02   1.2317038361874928e+02   7.3595585737156694e+02
  -2.4975067509731545e+02   1.2369344257316394e+02   7.3669140430538107e+02
  -2.5066543700325889e+02   1.2339562702752808e+02   7.4162737853684507e+02
  -2.5055883344941458e+02   1.2256922982552098e+02   7.4275582333299576e+02
  -2.5055734840855229e+02   1.2257289770760572e+02   7.4269850011309939e+02
  -2.5036628625339083e+02   1.2249038902944820e+02   7.4145115361048101e+02
  -2.4965305938754159e+02   1.2228163190765559e+02   7.4228658457306221e+02
  -2.4960656408824451e+02   1.2378819083171302e+02   7.4337964592653100e+02
  -2.4944107249990137e+02   1.2373395748161221e+02   7.4442114473353570e+02
  -2.4943028331896699e+02   1.2340573291571874e+02   7.4533234264403302e+02
  -2.4406336220026580e+02   1.2365254037532456e+02   7.4704259436968243e+02
  -2.4341687946306618e+02   1.2422484803221558e+02   7.4752762185206780e+02
  -2.4336479252190242e+02   1.2443095559640268e+02   7.5022109610192933e+02
  -2.4251276744413840e+02   1.2472130823525339e+02   7.4987415658484315e+02
  -2.4270297377561621e+02   1.2416654406043462e+02   7.5020058298595961e+02
  -2.4212413006921454e+02   1.2579495994202759e+02   7.5023844316495649e+02
  -2.4219355459963762e+02   1.2564126898166001e+02   7.5147935756467746e+02
  -2.4176430351224300e+02   1.2372069708330835e+02   7.5053884325331160e+02
  -2.4171254408721066e+02   1.2381889094533426e+02   7.4967869154011214e+02
  -2.4170323355928264e+02   1.2358343718207924e+02   7.4970816353246050e+02
  -2.3629929849234719e+02   1.5365785794617324e+02   7.9260394293070271e+02
  -2.3638290577971651e+02   1.5367041744062030e+02   7.9255790322667826e+02
  -2.3632006715723628e+02   1.5502631749387373e+02   7.9175161925659552e+02
  -2.3592967843433408e+02   1.5497116647240637e+02   7.9073419157267767e+02
  -2.3590674486777030e+02   1.5495337036751181e+02   7.9095205100331248e+02
  -2.3598540323175791e+02   1.5498194984053501e+02   7.9117509638928107e+02
  -2.3617515610770121e+02   1.5522112619123422e+02   7.9048267793302887e+02
  -2.3546640202223483e+02   1.5474637368770772e+02   7.9015139241803490e+02
  -2.3518642005113966e+02   1.5457836208701892e+02   7.9009758964510468e+02
  -2.3559452604578922e+02   1.5420165962458643e+02   7.9148364436257134e+02
  -2.3524672551590800e+02   1.5636485043505357e+02   7.8922505044158743e+02
  -2.3586626377326800e+02   1.5656668476288783e+02   7.8815612504570970e+02
  -2.3659951724324293e+02   1.5751345496270250e+02   7.8776129572365926e+02
  -2.3721751265098578e+02   1.5359757634857672e+02   7.9054086652797525e+02
  -2.3732106119483922e+02   1.5214476166294364e+02   7.9038029452727756e+02
  -2.3916331707034794e+02   1.5267787593018866e+02   7.9129628253491273e+02
  -2.3789157656786563e+02   1.5333858974989818e+02   7.9159178260286899e+02
  -2.3706956058424086e+02   1.5429300831298559e+02   7.9091368233870355e+02
  -2.3709837960900208e+02   1.5432549115262557e+02   7.9031102303738669e+02
  -2.3644176686580388e+02   1.5384773012671522e+02   7.9020403221727258e+02
  -2.3644210064668417e+02   1.5353632349083756e+02   7.8903663488226653e+02
  -2.3627573990376007e+02   1.5385099711949238e+02   7.8558096531641797e+02
  -2.3592473104427080e+02   1.5448456405597375e+02   7.8544230032544590e+02
  -2.3624591552465068e+02   1.4286510252073680e+02   7.9690561455698662e+02
  -2.3645738204440806e+02   1.4298512479670168e+02   7.9734441465632165e+02
  -2.3741275582398617e+02   1.4189070448322801e+02   7.9943110318450942e+02
  -2.3496257119060957e+02   1.4458568782278871e+02   7.9999671262348943e+02
  -2.3500427696716062e+02   1.4458939102684977e+02   8.0046701027333006e+02
  -2.3648955829277338e+02   1.4467082504105736e+02   7.9721694890729395e+02
  -2.3651211085368229e+02   1.4469143866150890e+02   7.9763124220842190e+02
  -2.3534775520638050e+02   1.4418243718273771e+02   7.9832397155706485e+02
  -2.3387183446619474e+02   1.4349419126733420e+02   7.9614259651999612e+02
  -2.3373884922738884e+02   1.4359465268541499e+02   7.9578133623778558e+02
  -2.3399731569734786e+02   1.4270112956616572e+02   7.9729206705391482e+02
  -2.3401938859008607e+02   1.4272890355183821e+02   7.9826736004981251e+02
  -2.3408745111611702e+02   1.4348045790915577e+02   8.0024744752293111e+02
  -2.3411676414477489e+02   1.4325408808370594e+02   8.0175108254535633e+02
  -2.3392568329622071e+02   1.4289766917162649e+02   8.0280264637691710e+02
  -2.3387191084867797e+02   1.4288985300318771e+02   8.0105895630551959e+02
  -2.3322076178910731e+02   1.4253192353617231e+02   8.0053728995284393e+02
  -2.3439734082975824e+02   1.4255947299387265e+02   8.0183215853692968e+02
  -2.3443821717533791e+02   1.4270714534766222e+02   8.0154176264760156e+02
  -2.3484678530708339e+02   1.4369176058176635e+02   8.0334007537809032e+02
  -2.3487313969601536e+02   1.4376707145095989e+02   8.0326749297764263e+02
  -2.3475924812412080e+02   1.4382917123917446e+02   8.0359888637099925e+02
  -2.3527332895156590e+02   1.4372581122922398e+02   8.0360651315676353e+02
  -2.3529893027084930e+02   1.4371087023407864e+02   8.0363788286120030e+02
  -2.3359130654896893e+02   1.4266140949076132e+02   8.0343180504933173e+02
  -2.3362318825670292e+02   1.4263180121381225e+02   8.0323206251724389e+02
  -2.3430771478861416e+02   1.4303917322206064e+02   8.0415063158881685e+02
  -2.3431417874581572e+02   1.4317836492478150e+02   8.0411414701202398e+02
  -2.3639271658313763e+02   1.4505442597962357e+02   8.0592875631773290e+02
  -2.3581586808557648e+02   1.4527275249683510e+02   8.0814533342035622e+02
  -2.3512538519022726e+02   1.4554840918409963e+02   8.0792588906885339e+02
  -2.3490217078917848e+02   1.4559288728359016e+02   8.0534679935379040e+02
  -2.3500867613588409e+02   1.4558511685133959e+02   8.0517714484515511e+02
  -2.3492632029028587e+02   1.4540085915395900e+02   8.0542465244291304e+02
  -2.3488756942326415e+02   1.4551531854513172e+02   8.0612437129119951e+02
  -2.3565007283383258e+02   1.4585309355565221e+02   8.0602262179915101e+02
  -2.3535081648323089e+02   1.4425843328864553e+02   8.0561480940700574e+02
  -2.3530153462743320e+02   1.4464210786147302e+02   8.0578611316909178e+02
  -2.3550585175121429e+02   1.4486026883143722e+02   8.0427586380107891e+02
  -2.3590998915871555e+02   1.4383591872976245e+02   8.0439544736589357e+02
  -2.3513899804364380e+02   1.4348104741022331e+02   8.0421846858462925e+02
  -2.3545983151342710e+02   1.4310648715334128e+02   8.0297583268055348e+02
  -2.3541995762052042e+02   1.4269584465535587e+02   8.0297089744165567e+02
  -2.3084967674696867e+02   1.4358889425084925e+02   7.8383499623767716e+02
  -2.3132086971914279e+02   1.4303799151971410e+02   7.8447197071261087e+02
  -2.3176355244387716e+02   1.4283158380252885e+02   7.8526016241648688e+02
  -2.3232852880841995e+02   1.4292161406216036e+02   7.8514315950090838e+02
  -2.3186432266767417e+02   1.4323993946345155e+02   7.8507740741603868e+02
  -2.3172137655053643e+02   1.4257391386795263e+02   7.8524051988292376e+02
  -2.5359224385026346e+02   1.5471426470969055e+02   7.7673603866925487e+02
  -2.5258038454176614e+02   1.5438266473747655e+02   7.7657714601306873e+02
  -2.5293224074692790e+02   1.5409847976938670e+02   7.7509856880132259e+02
  -2.5298682769866696e+02   1.5412545708276784e+02   7.7500754960990150e+02
  -2.5380283922633046e+02   1.5397898711991783e+02   7.7599069843413065e+02
  -2.5254132386869361e+02   1.5366699685929092e+02   7.7692445012997666e+02
  -2.5469366773766089e+02   1.5401192494419067e+02   7.7763085354576674e+02
  -2.5371186675664583e+02   1.5372357943648839e+02   7.7884425100589931e+02
  -2.5364588870812733e+02   1.5376768372142803e+02   7.7888116889731100e+02
  -2.5545218413376551e+02   1.5633477578134270e+02   7.8598738987509023e+02
  -2.5579447292890652e+02   1.5637886273141365e+02   7.8722404301174481e+02
  -2.5762247325374960e+02   1.5652564955895795e+02   7.8459934713516907e+02
  -2.5788540523861593e+02   1.5712571171351374e+02   7.8393007147298169e+02
  -2.5856273739955657e+02   1.5832619721099246e+02   7.8324316473728516e+02
  -2.5850312644613973e+02   1.5899852491361929e+02   7.8457141873251624e+02
  -2.5290940144778295e+02   1.6142893498789923e+02   7.9206354501426199e+02
  -2.5303442880498861e+02   1.6108955631429160e+02   7.9265349529925243e+02
  -2.5320464176510714e+02   1.6043801892470850e+02   7.9306837225129914e+02
  -2.5392393353074931e+02   1.6016288827276037e+02   7.9255835787961757e+02
  -2.5418419005015627e+02   1.5977803233923279e+02   7.9265482184769371e+02
  -2.5356165935644827e+02   1.5927036881191739e+02   7.9317016444379226e+02
  -2.5359107550938313e+02   1.5920045387651834e+02   7.9311788658515457e+02
  -2.5355181766878388e+02   1.5917888596417933e+02   7.9316813755851058e+02
  -2.5297755646678303e+02   1.5924900632550194e+02   7.9268220733822329e+02
  -2.5287752384007868e+02   1.5930181482104862e+02   7.9093113013295249e+02
  -2.5363616528952249e+02   1.5806058094351135e+02   7.9011162646999981e+02
  -2.5341851999023731e+02   1.5841292260941097e+02   7.8897410251684869e+02
  -2.5267701082754513e+02   1.5832665931525133e+02   7.8824798864391994e+02
  -2.5200723933332745e+02   1.5947429504011197e+02   7.8837884881628111e+02
  -2.5195382637511869e+02   1.6069882567580672e+02   7.8793725368539526e+02
  -2.5121764220323007e+02   1.6131849358799130e+02   7.8816980746271406e+02
  -2.4991343828424087e+02   1.6281532749684422e+02   7.8940064594972046e+02
  -2.5017948588393378e+02   1.6313869303934601e+02   7.8849431865693282e+02
  -2.5003691907289996e+02   1.6221105543830049e+02   7.8738317618820417e+02
  -2.5016355315789966e+02   1.6284622235496064e+02   7.8825456565571267e+02
  -2.5109587323925672e+02   1.6266600689352268e+02   7.8684513897268664e+02
  -2.5034722750431888e+02   1.6223695330141493e+02   7.8796448367260859e+02
  -2.5033136385512449e+02   1.6227582357342845e+02   7.8987374477702758e+02
  -2.4999131791725267e+02   1.6141836557869865e+02   7.8930766658560344e+02
  -2.5057381312431045e+02   1.6204947409378994e+02   7.8900355616209606e+02
  -2.5158558720053750e+02   1.6166843956204514e+02   7.8972000999524096e+02
  -2.5119528867260686e+02   1.6153136905761824e+02   7.8968379761728795e+02
  -2.5148059728053798e+02   1.6229918641652148e+02   7.8830735412059676e+02
  -2.5153977497562960e+02   1.6283017315658816e+02   7.8766731482068087e+02
  -2.3939145110743107e+02   1.5531388378569608e+02   7.6923683704449934e+02
  -2.3936227331932201e+02   1.5528264303439852e+02   7.6881626581494993e+02
  -2.3924497888192187e+02   1.5409892408765811e+02   7.6945478502923606e+02
  -2.3850178984759890e+02   1.5471844880613691e+02   7.7025118202856152e+02
  -2.3837776504626979e+02   1.5467240868477836e+02   7.6952347355805534e+02
  -2.3230707728807158e+02   1.6292418562565180e+02   7.5507956707560743e+02
  -2.3228679064993534e+02   1.6302036831300614e+02   7.5614363268492548e+02
  -2.3145617998802700e+02   1.6319774085624073e+02   7.5499451092579272e+02
  -2.3168848467934538e+02   1.5860577025237231e+02   7.4952749346783571e+02
  -2.3191481852860107e+02   1.5909039388654952e+02   7.5084470369767689e+02
  -2.3207913434558125e+02   1.6031517713101795e+02   7.5246907006376387e+02
  -2.3258232324261004e+02   1.6001564425839430e+02   7.5215726632623364e+02
  -2.2913811587547670e+02   1.6296289878011649e+02   7.5144355006310536e+02
  -2.3087281436000873e+02   1.6307140472204023e+02   7.5017342730465475e+02
  -2.3074800242699359e+02   1.6404719770027890e+02   7.5013158884243444e+02
  -2.3070685065939003e+02   1.6407753054088556e+02   7.5022004067915827e+02
  -2.3077094296285216e+02   1.6414488241643582e+02   7.5024416970586367e+02
  -2.3139549153013616e+02   1.6357116781776233e+02   7.5057974372613569e+02
  -2.3128483362392231e+02   1.6350876020189273e+02   7.4919036822968360e+02
  -2.3088104233071752e+02   1.6270584510123402e+02   7.4908085594409386e+02
  -2.3093515094339517e+02   1.6373975945564376e+02   7.4686814753264377e+02
  -2.3055277285233439e+02   1.6409068334046734e+02   7.4589627758628069e+02
  -2.3006317206664045e+02   1.6378776446822857e+02   7.4494407227284410e+02
  -2.2932517129069575e+02   1.6226281222907483e+02   7.4572622607478115e+02
  -2.2930484428358980e+02   1.6224622935076982e+02   7.4566937364002149e+02
  -2.2838104690601938e+02   1.6283684906178436e+02   7.4594994241483880e+02
  -2.2787456515037542e+02   1.6163218081174105e+02   7.4580301581279844e+02
  -2.2762104141382943e+02   1.6343849473779755e+02   7.4587861711529911e+02
  -2.2760407994953269e+02   1.6346520502032558e+02   7.4679377887166754e+02
  -2.2694510622525942e+02   1.6331530984561596e+02   7.4560193063610518e+02
  -2.2694522814621297e+02   1.6335203539749233e+02   7.4563811117473028e+02
  -2.2673637128048864e+02   1.6308422172187261e+02   7.4348890788163737e+02
  -2.2646646990090886e+02   1.6306830134633927e+02   7.4499041563869412e+02
  -2.2696995710122897e+02   1.6386679119503086e+02   7.4356164885289991e+02
  -2.2693007316527130e+02   1.6254243391967239e+02   7.4275684632325567e+02
  -2.2698661864138435e+02   1.6227886163322762e+02   7.4279574800103967e+02
  -2.2768014679688235e+02   1.6291560913210407e+02   7.4348930069288292e+02
  -2.2776714570725329e+02   1.6310578921946490e+02   7.4310126586959052e+02
  -2.2759816583357048e+02   1.6350699980357265e+02   7.4280108718583210e+02
  -2.2788605906671560e+02   1.6352944473497215e+02   7.4257466746915475e+02
  -2.2803556498357580e+02   1.6336238323342025e+02   7.4437626806508740e+02
  -2.2761662604866694e+02   1.6373730634299156e+02   7.4374783721513120e+02
  -2.2684490410862185e+02   1.6292428718174168e+02   7.4351806048709614e+02
  -2.2826546322538408e+02   1.6325711826214589e+02   7.4123358778280408e+02
  -2.2811604437600843e+02   1.6358679798258910e+02   7.4099973001291471e+02
  -2.2812850764670026e+02   1.6338176950994813e+02   7.4086000226854094e+02
  -2.2807711316724371e+02   1.6342284206740234e+02   7.4101438499501933e+02
  -2.2983349501707579e+02   1.6306538209640181e+02   7.4006105264356540e+02
  -2.2960857576639492e+02   1.6299291073254031e+02   7.4017050077139720e+02
  -2.2936575626754555e+02   1.6303067279401085e+02   7.4006880765475489e+02
  -2.2943596758285653e+02   1.6267967647668431e+02   7.4069509637423755e+02
  -2.2935593546242171e+02   1.6305469173933440e+02   7.4019227360936395e+02
  -2.2932490152771609e+02   1.6308966854079455e+02   7.4050904060866424e+02
  -2.2915558325873550e+02   1.6266519326676624e+02   7.3982765838630098e+02
  -2.2952797466880776e+02   1.6377977353075016e+02   8.2718182137656595e+02
  -2.2922332058383287e+02   1.6311897577011911e+02   8.2970198641453840e+02
  -2.2932147243739706e+02   1.6328140984168834e+02   8.2948306125301417e+02
  -2.2752037056601876e+02   1.6403674583234786e+02   8.2876972488540093e+02
  -2.2815324466712804e+02   1.6498446882342012e+02   8.3193215543896758e+02
  -2.2798240989366911e+02   1.6556307262658376e+02   8.3269264664466618e+02
  -2.2855362666832573e+02   1.6571922771029961e+02   8.3329970562675317e+02
  -2.2852943720879716e+02   1.6581846372366115e+02   8.3422908110409332e+02
  -2.2887860552356997e+02   1.6617377142958298e+02   8.3533005832153015e+02
  -2.2894245674181454e+02   1.6669018936187513e+02   8.3442182153188389e+02
  -2.2894244177153075e+02   1.6669004643286110e+02   8.3441289120635736e+02
  -2.2880658925579249e+02   1.6669210244863314e+02   8.3417980084934277e+02
  -2.2872231669759441e+02   1.6644073101619719e+02   8.3534458484866286e+02
  -2.2967028321962485e+02   1.6545193674033769e+02   8.3419177146214713e+02
  -2.2919959421167272e+02   1.6563401630645222e+02   8.3338323020879898e+02
  -2.2953945401716749e+02   1.6515204665078051e+02   8.3172785997932124e+02
  -2.3036612215105058e+02   1.6435627077660268e+02   8.3074971757423270e+02
  -2.3042491960405573e+02   1.6433397237749665e+02   8.3379612725637537e+02
  -2.3070511580646337e+02   1.6496855522551513e+02   8.3363754202977532e+02
  -2.3058000650257648e+02   1.6505636286944249e+02   8.3379678348952086e+02
  -2.3060256835238130e+02   1.6502963993721954e+02   8.3435778138783598e+02
  -2.3072479001567908e+02   1.6259808726836323e+02   8.3587775218554350e+02
  -2.3069640753190632e+02   1.6247833701943634e+02   8.3623384064109234e+02
  -7.6172600655053941e+02  -3.2758577051818327e+02   1.6439417466323719e+03
  -7.6187424849034994e+02  -3.2743594209501998e+02   1.6437635092766866e+03
  -7.6196909783789613e+02  -3.2731278831354410e+02   1.6432991480514218e+03
  -7.6086254992168392e+02  -3.2816626872359217e+02   1.6409713307069724e+03
  -7.6168469785195168e+02  -3.2912821542525620e+02   1.6418907402577452e+03
  -7.6168765862698967e+02  -3.2912320299654249e+02   1.6419287125032681e+03
  -7.6188643401455386e+02  -3.2914150888437138e+02   1.6420580883136831e+03
  -7.6200484361218105e+02  -3.2905202383459687e+02   1.6400901336966026e+03
  -7.6112922723520217e+02  -3.2921648313027310e+02   1.6371223801732056e+03
  -7.6126154886865095e+02  -3.2864253572684231e+02   1.6374847145835026e+03
  -7.6062967627485546e+02  -3.2762361432406618e+02   1.6368592977255660e+03
  -7.6041888449244550e+02  -3.2704945916779502e+02   1.6368956290035360e+03
  -7.6097565409915330e+02  -3.2605112003370431e+02   1.6380074336591379e+03
  -7.6115353037141244e+02  -3.2672666098806729e+02   1.6395249349869205e+03
  -7.4133550776266441e+02  -3.4490526016494755e+02   1.6271205729303892e+03
  -7.4122648691456175e+02  -3.4424288187926027e+02   1.6266933057448309e+03
  -7.4139018885438236e+02  -3.4406252359873963e+02   1.6257328029086189e+03
  -7.4021092101425620e+02  -3.4319628507011402e+02   1.6261370031042381e+03
  -7.4034082295536950e+02  -3.4421437838345895e+02   1.6254773278744401e+03
  -7.3994652397285813e+02  -3.4486748289298680e+02   1.6251139331310237e+03
  -7.4092032100562301e+02  -3.4503124892473824e+02   1.6257675447270326e+03
  -7.4283468870475576e+02  -3.3528434126979363e+02   1.6384286846533680e+03
  -7.4353200645206505e+02  -3.3567918693240193e+02   1.6383049193983234e+03
  -7.4426799178471981e+02  -3.3602778541260773e+02   1.6368195918729361e+03
  -7.4530950519522480e+02  -3.3624578939587417e+02   1.6370369488624137e+03
  -7.4532866171763055e+02  -3.3622509385938446e+02   1.6372579752772419e+03
  -7.4436122628431883e+02  -3.3582566056904312e+02   1.6384312736554020e+03
  -7.4436230868992777e+02  -3.3597313575320777e+02   1.6374913933366233e+03
  -7.4439516495187036e+02  -3.3570957705503207e+02   1.6372284278135596e+03
  -7.4467728667761799e+02  -3.3590975963487068e+02   1.6368359414671249e+03
  -7.4515616776245474e+02  -3.3616537060225949e+02   1.6363309753284666e+03
  -7.4518483547793073e+02  -3.3608110609154795e+02   1.6361189829025925e+03
  -7.4515092275626921e+02  -3.3612495350135816e+02   1.6359870463311292e+03
  -7.4536583329695588e+02  -3.3635028824403963e+02   1.6351436005777596e+03
  -7.4460550911966800e+02  -3.3632307225578569e+02   1.6342803528002535e+03
  -7.4457673166137022e+02  -3.3599322879190714e+02   1.6360639978146812e+03
  -7.4424341097501940e+02  -3.3504413774100021e+02   1.6364821995877287e+03
  -7.4400569926231015e+02  -3.3500967454456719e+02   1.6365031478223609e+03
  -7.4326488996789942e+02  -3.3468447144260546e+02   1.6354562728761791e+03
  -7.4362714311897844e+02  -3.3523419474105611e+02   1.6268615793524345e+03
  -7.4350050360066439e+02  -3.3550023259227106e+02   1.6269982996915530e+03
  -7.4254304054681825e+02  -3.3519355626638236e+02   1.6259290792199401e+03
  -7.3797599971897000e+02  -3.3749978708990079e+02   1.6263057980467654e+03
  -7.3808009940438626e+02  -3.3670457143279174e+02   1.6266854968118350e+03
  -7.3783006909617654e+02  -3.4050866277409091e+02   1.6196988113868276e+03
  -7.3852967669931581e+02  -3.4041243057138780e+02   1.6193225371870685e+03
  -7.3843038212330259e+02  -3.4036706571890068e+02   1.6201840060291204e+03
  -7.3842507506711149e+02  -3.4042676341150627e+02   1.6210393029059608e+03
  -7.3835083998038863e+02  -3.4071650902403405e+02   1.6206765279044871e+03
  -7.3833516388048531e+02  -3.4071328221096275e+02   1.6206081689696591e+03
  -7.3355899463368030e+02  -3.4166210411038651e+02   1.6219107887316745e+03
  -8.4225184158589059e+02  -3.3585549803551640e+02   1.5726987828891063e+03
  -8.4190386025653265e+02  -3.3691980480944193e+02   1.5728598494554276e+03
  -8.4182050571443199e+02  -3.3679334377719374e+02   1.5728383495636726e+03
  -8.4254556953435770e+02  -3.3743146515950514e+02   1.5713991737103797e+03
  -8.4303241407803375e+02  -3.3692353691434835e+02   1.5717415268415716e+03
  -8.4329955180910895e+02  -3.3712042081647456e+02   1.5700372417323936e+03
  -8.4330446243018616e+02  -3.3709087610493049e+02   1.5700520819305293e+03
  -8.4466833933093847e+02  -3.3624085975618499e+02   1.5695542912037431e+03
  -8.4498784008325219e+02  -3.3605030069763529e+02   1.5690429435331555e+03
  -8.4425587698274717e+02  -3.3635085090650557e+02   1.5672235151880523e+03
  -8.4370000990172298e+02  -3.3489418693761087e+02   1.5675732188453403e+03
  -8.4403098016232343e+02  -3.3491160739451061e+02   1.5701311795619333e+03
  -8.4413729435979678e+02  -3.3449615116723999e+02   1.5722068114259262e+03
  -8.4291740749501537e+02  -3.3437337086482108e+02   1.5689579743771260e+03
  -8.4265531894608011e+02  -3.3516224519845713e+02   1.5681588664227934e+03
  -8.4221814219771284e+02  -3.3487660884373736e+02   1.5666308604876629e+03
  -8.4177904663487732e+02  -3.3545428730941478e+02   1.5667366628024643e+03
  -8.4239301464941309e+02  -3.3407419047624063e+02   1.5650321544553738e+03
  -8.4212960768219500e+02  -3.3530010695917389e+02   1.5641201616180956e+03
  -8.4257248101141931e+02  -3.3618303317420299e+02   1.5649515801739860e+03
  -8.4480865631854033e+02  -3.3678316208802437e+02   1.5603247968332075e+03
  -8.5383386209448065e+02  -3.3672554279792314e+02   1.5557700312219733e+03
  -8.5491694361423060e+02  -3.3624847509835564e+02   1.5557027447651762e+03
  -8.5468829555984939e+02  -3.3635067472276631e+02   1.5549712124245007e+03
  -8.5402130680957896e+02  -3.3612051694648056e+02   1.5540469662348762e+03
  -8.5315136230734936e+02  -3.3447218091436213e+02   1.5545803594349914e+03
  -8.5336477292215648e+02  -3.3371876366630778e+02   1.5543503118015624e+03
  -8.5312472687787533e+02  -3.3352627703287982e+02   1.5556982396434753e+03
  -8.5325876091314603e+02  -3.3439090013852990e+02   1.5561454353830331e+03
  -8.0220893224318854e+02  -4.2352531156474168e+02   1.6178346593696247e+03
  -8.0230129511053951e+02  -4.2101084395530938e+02   1.6169733414895386e+03
  -8.0278605634940106e+02  -4.2115104227639983e+02   1.6168520514236309e+03
  -8.0353487875667372e+02  -4.2129564984040769e+02   1.6163822719931309e+03
  -8.0356066279520212e+02  -4.2207804271048775e+02   1.6157646009867792e+03
  -8.0347298084020736e+02  -4.2236841915197061e+02   1.6153923476968707e+03
  -8.0402020988522224e+02  -4.2184886441934952e+02   1.6146622433132009e+03
  -8.0400336932729840e+02  -4.2183839003974919e+02   1.6140221384454032e+03
  -8.0230039941132839e+02  -4.2104117804889580e+02   1.6118373694286181e+03
  -8.0230250527131363e+02  -4.2104129503452845e+02   1.6118428497080763e+03
  -8.0198754306662738e+02  -4.2121933523413759e+02   1.6107084047975359e+03
  -8.0243628459744673e+02  -4.2170238971975584e+02   1.6101355574975307e+03
  -8.0156654092263022e+02  -4.2160554364154240e+02   1.6096896145144424e+03
  -8.0163055118368356e+02  -4.2164687396471720e+02   1.6089017195229030e+03
  -8.0156424756431431e+02  -4.2247700140606037e+02   1.6087928746215421e+03
  -8.0168568888828372e+02  -4.2217910578353548e+02   1.6098624391725120e+03
  -8.0225780648021168e+02  -4.2094566178521029e+02   1.6100443490646710e+03
  -8.0264496471979487e+02  -4.2085866095782990e+02   1.6089567057033705e+03
  -8.0249038734471242e+02  -4.2036253482285605e+02   1.6093435969826307e+03
  -8.0207347836044266e+02  -4.2191826434749146e+02   1.6078844208254736e+03
  -8.0182722189852745e+02  -4.2262919945202697e+02   1.6084563664102654e+03
  -8.0184804536966806e+02  -4.2267092066185376e+02   1.6079341355323029e+03
  -8.0120096429606747e+02  -4.2301713628325342e+02   1.6092364739580785e+03
  -8.0046247845513528e+02  -4.2299697767785744e+02   1.6083789928006604e+03
  -8.0035471344323867e+02  -4.2311032393146490e+02   1.6076539330109804e+03
  -8.0034875078333152e+02  -4.2330648885104415e+02   1.6103884819846776e+03
  -8.0036270606478593e+02  -4.2331271049385970e+02   1.6100251712139232e+03
  -8.0071946487869548e+02  -4.2335392131918604e+02   1.6096166965892478e+03
  -8.0473820750258574e+02  -4.2933250991147622e+02   1.6089472465908864e+03
  -8.0437973533255627e+02  -4.2850767115362351e+02   1.6083261622944126e+03
  -8.0435229600289574e+02  -4.2843409969192726e+02   1.6082733169040828e+03
  -8.0456179427146094e+02  -4.2830423184459568e+02   1.6076228560332561e+03
  -8.0416088226726947e+02  -4.2771509152223962e+02   1.6072805916387492e+03
  -8.0415269103577430e+02  -4.2770229099990985e+02   1.6072833027703439e+03
  -8.0366107381509278e+02  -4.2698681828311220e+02   1.6081993569928864e+03
  -8.0577219786333956e+02  -4.2800119763313484e+02   1.6093329774188289e+03
  -8.0563580768884287e+02  -4.2786304154483901e+02   1.6102212803684795e+03
  -8.0605012408580467e+02  -4.2564649955076459e+02   1.6081919867892311e+03
  -8.0740128400713127e+02  -4.2524568358037385e+02   1.6048937677031399e+03
  -8.0727578499357605e+02  -4.2547030992472924e+02   1.6039000064347758e+03
  -8.0669235114610547e+02  -4.2533804809944519e+02   1.6049520530487891e+03
  -8.0179442318093106e+02  -4.3127367306930347e+02   1.6059448798302633e+03
  -8.0034989150548245e+02  -4.3004082959164697e+02   1.6060198749546980e+03
  -7.9993567046348699e+02  -4.3051690031428905e+02   1.6065966800025881e+03
  -7.9989172064241234e+02  -4.3057949192983335e+02   1.6059490846647320e+03
  -7.9925702267901681e+02  -4.3053983104399856e+02   1.6056197610492982e+03
  -7.9944963083460163e+02  -4.3063934248641283e+02   1.6052620448912285e+03
  -7.9962899008854686e+02  -4.3374507066712823e+02   1.6000864562717620e+03
  -7.9888092257298194e+02  -4.3402259634689796e+02   1.5998820166037938e+03
  -7.9982934353819815e+02  -4.3533345724422389e+02   1.5989168451930800e+03
  -7.9997064337012068e+02  -4.3602017044239358e+02   1.5993959669749806e+03
  -8.0086595872122905e+02  -4.3644945309498371e+02   1.5996122502367523e+03
  -7.9894143529049234e+02  -4.3692497839471656e+02   1.5990903310623194e+03
  -7.9920544788708003e+02  -4.3720755365067237e+02   1.5981353036895628e+03
  -7.9959582542182579e+02  -4.3711592193776812e+02   1.5994411483037939e+03
  -7.9913348680481727e+02  -4.3656360202067623e+02   1.6007653951020759e+03
  -7.9907111706793148e+02  -4.3665813344516499e+02   1.5989413932942132e+03
  -7.9951907991537985e+02  -4.3703525239811268e+02   1.5978591961165389e+03
  -7.9697365710031841e+02  -4.3560528548759618e+02   1.5961560886167633e+03
  -7.9562027768716257e+02  -4.3605578659426942e+02   1.5955072470668092e+03
  -7.9573368088174277e+02  -4.3594554745202436e+02   1.5959617579312473e+03
  -7.9618475334300842e+02  -4.3551106904135764e+02   1.5959057861508340e+03
  -7.9642912696661938e+02  -4.3602852871176128e+02   1.5978125696907571e+03
  -8.0634192346820794e+02  -4.4268705670813046e+02   1.6070458681859491e+03
  -8.0589002249805321e+02  -4.4258954352311531e+02   1.6083683790248094e+03
  -8.0589911984794503e+02  -4.4281634203664305e+02   1.6076469493252562e+03
  -8.0590823520709102e+02  -4.4281298310397943e+02   1.6078863452455009e+03
  -8.0581891836056434e+02  -4.4291459363576695e+02   1.6073346420932357e+03
  -8.0639972010561303e+02  -4.4227871762833081e+02   1.6079711696981121e+03
  -8.0663532944920087e+02  -4.4325923721873852e+02   1.6085102090102912e+03
  -8.0679732626445934e+02  -4.4351003083764056e+02   1.6068125116915696e+03
  -8.0686270897890847e+02  -4.4351224500488007e+02   1.6067149966202055e+03
  -8.0675876135779424e+02  -4.4389713412203793e+02   1.6077031314533081e+03
  -8.0665287580847144e+02  -4.4385288044914051e+02   1.6079870840483970e+03
  -8.0617745474897799e+02  -4.4368964931577398e+02   1.6088961024435512e+03
  -8.0589730063677632e+02  -4.4361804879046838e+02   1.6085002214761564e+03
  -8.0573880020102672e+02  -4.4361628557866641e+02   1.6072784319279851e+03
  -8.0574486168891644e+02  -4.4361692777605850e+02   1.6073478692397057e+03
  -8.0698002080492176e+02  -4.4362216469616277e+02   1.6064703888185350e+03
  -8.0700291334957353e+02  -4.4363388549267364e+02   1.6073459638158981e+03
  -8.0570816053338513e+02  -4.4559212568008974e+02   1.6072564352899017e+03
  -8.0642869090772626e+02  -4.4667712600807567e+02   1.6075972337035532e+03
  -8.0685749110204665e+02  -4.4712683240453396e+02   1.6070670690768109e+03
  -8.0623058452300290e+02  -4.4712421700250519e+02   1.6081108729434418e+03
  -8.0602074831581513e+02  -4.4725473293296670e+02   1.6103423086490754e+03
  -8.0613956602807525e+02  -4.4502959551230776e+02   1.6093500133238197e+03
  -8.0658227922472258e+02  -4.4446931248964364e+02   1.6067312100412278e+03
  -8.0769839915863770e+02  -4.4441607589561630e+02   1.6064864182439676e+03
  -8.0769376461373440e+02  -4.4440718561714675e+02   1.6064624260512976e+03
  -8.0753265346181934e+02  -4.4391100872704260e+02   1.6062437633858626e+03
  -8.0696683096312188e+02  -4.4423545073775432e+02   1.6104377097639376e+03
  -8.0697624551129206e+02  -4.4444950081814829e+02   1.6115655316249010e+03
  -8.0777878301329315e+02  -4.4383915637755058e+02   1.6121296990583082e+03
  -8.0792364292968193e+02  -4.4396210772523955e+02   1.6117244897055814e+03
  -8.0709114119075412e+02  -4.4459882425822252e+02   1.6123322170525657e+03
  -8.0649609464455534e+02  -4.4576516853581035e+02   1.6124565793249840e+03
  -8.0691361199215578e+02  -4.4662593845161740e+02   1.6129660846698021e+03
  -8.0753709924690088e+02  -4.4635291008572807e+02   1.6148144624631070e+03
  -8.0688892415945975e+02  -4.4765242550080001e+02   1.6127179286391670e+03
  -8.0547335336485503e+02  -4.4654045480190388e+02   1.6241829699529276e+03
  -8.0530943218248854e+02  -4.4672902760533350e+02   1.6233502039634677e+03
  -8.0453034529232957e+02  -4.4651805827163275e+02   1.6263551191366148e+03
  -8.0487580200856041e+02  -4.4612142639976116e+02   1.6249905413505298e+03
  -8.0566044846496436e+02  -4.4691980165657293e+02   1.6262288293276508e+03
  -8.0502343355747485e+02  -4.4613133163053868e+02   1.6266231125230568e+03
  -8.0418872585327119e+02  -4.4547861148592540e+02   1.6269704287253198e+03
  -8.0451006288608971e+02  -4.4585843429592978e+02   1.6280438215352135e+03
  -8.0355476353446898e+02  -4.4705269061171083e+02   1.6279521961855403e+03
  -8.0357155424972336e+02  -4.4706543285454046e+02   1.6288124077887842e+03
  -8.0227932988475766e+02  -4.4889241416828776e+02   1.6281507887181072e+03
  -8.0237939271933385e+02  -4.4941574108435691e+02   1.6297555912302009e+03
  -8.0237939678057296e+02  -4.4941872110308969e+02   1.6297463889814496e+03
  -8.0169927948876273e+02  -4.4915462039199144e+02   1.6291267600878045e+03
  -8.0234634019468228e+02  -4.4841654441488481e+02   1.6277975632852526e+03
  -8.0368609448323537e+02  -4.4641422607974243e+02   1.6298811189048347e+03
  -8.0430400450111085e+02  -4.4637500165490223e+02   1.6296516719252795e+03
  -8.0566443682110321e+02  -4.4537460890483584e+02   1.6313755514930290e+03
  -8.0610855360489563e+02  -4.4616622316082544e+02   1.6316205789437181e+03
  -8.0717500742260950e+02  -4.4496393813414056e+02   1.6310814902252387e+03
  -8.0679835882201326e+02  -4.4533657204299141e+02   1.6319866745879706e+03
  -8.0660613796325492e+02  -4.4613727414432037e+02   1.6314111942882437e+03
  -8.0664088530769538e+02  -4.4617283459979802e+02   1.6317573837543405e+03
  -8.0731042780201574e+02  -4.4621961770599006e+02   1.6324691000267817e+03
  -8.0732467773785413e+02  -4.4632337506418611e+02   1.6309041493897166e+03
  -8.1237399641345735e+02  -4.4560654757896202e+02   1.6331619993537183e+03
  -8.1483007525645473e+02  -4.4478844459474271e+02   1.6335213166078800e+03
  -8.1443365833150938e+02  -4.4489735572681587e+02   1.6320320953506723e+03
  -8.1443179315929842e+02  -4.4297648853049088e+02   1.6322831949825047e+03
  -8.1284941554479110e+02  -4.4257125631835044e+02   1.6291929033839219e+03
  -8.1280433899384343e+02  -4.4260624454920054e+02   1.6287858200964858e+03
  -8.1268817853202052e+02  -4.4323276473968917e+02   1.6322260202190964e+03
  -8.1269468641740457e+02  -4.4361552523466293e+02   1.6325867039243574e+03
  -8.1276426124901923e+02  -4.4334926020833063e+02   1.6337196716817930e+03
  -8.1248748882317182e+02  -4.4365829250629804e+02   1.6331725089349113e+03
  -8.1217468503745636e+02  -4.4451458527274667e+02   1.6324710139862643e+03
  -8.1229009890247482e+02  -4.4463789119287389e+02   1.6322992104804491e+03
  -8.1242546648163511e+02  -4.4515684394517200e+02   1.6325896506297049e+03
  -8.1263520176325767e+02  -4.4521158377514860e+02   1.6335415864506012e+03
  -8.1259690924620782e+02  -4.4523185955220953e+02   1.6327869541673399e+03
  -8.1369783520996293e+02  -4.4604117834672559e+02   1.6320633245834090e+03
  -8.1439199641073333e+02  -4.4683297426330029e+02   1.6315984971059179e+03
  -8.1460602227447987e+02  -4.4793429626935364e+02   1.6325391068932113e+03
  -8.1424754655357754e+02  -4.4837133274854676e+02   1.6303762999173932e+03
  -8.1471702074235645e+02  -4.4821329734082320e+02   1.6293643189766610e+03
  -8.1443995194955403e+02  -4.4815603944033700e+02   1.6288791158523341e+03
  -8.1542508757766120e+02  -4.4846512307916254e+02   1.6294976045074184e+03
  -8.1481517376364502e+02  -4.4845217556775322e+02   1.6305251272534379e+03
  -8.1575750736779435e+02  -4.4734275803041731e+02   1.6310994772067193e+03
  -8.1166527861644533e+02  -4.4398931459017922e+02   1.6306992108279865e+03
  -8.1161005209092946e+02  -4.4431360406726310e+02   1.6300151851654991e+03
  -8.1166893521331997e+02  -4.4395138499961536e+02   1.6304917659864343e+03
  -8.1156264155361021e+02  -4.4373125340686391e+02   1.6286008643881630e+03
  -8.0998559777749335e+02  -4.4277042679431969e+02   1.6294721005906172e+03
  -8.0994773236685069e+02  -4.4257288556639566e+02   1.6292987459954820e+03
  -8.1003914021024934e+02  -4.4264910150362886e+02   1.6288745746148652e+03
  -8.1077076819357023e+02  -4.4252751401866647e+02   1.6287980297026174e+03
  -8.0996620839541686e+02  -4.4310222648744735e+02   1.6287275213719354e+03
  -8.0998144634552784e+02  -4.4311143777525825e+02   1.6286763954878095e+03
  -8.0533703468657052e+02  -4.4064360871457376e+02   1.6305155851819745e+03
  -8.0439457008724696e+02  -4.4116640567239870e+02   1.6310101810819883e+03
  -8.0493022901375491e+02  -4.4171771727679584e+02   1.6311202532321397e+03
  -8.0495330814257329e+02  -4.4168093814455483e+02   1.6327580933360484e+03
  -8.0468906192786881e+02  -4.4108062352876362e+02   1.6329803123516888e+03
  -8.0461958519372342e+02  -4.4125352093799137e+02   1.6329712975510970e+03
  -7.8539748687640508e+02  -4.5187513187647056e+02   1.6266846380194854e+03
  -7.8540820836187424e+02  -4.5247246444072698e+02   1.6264409305273600e+03
  -7.8820797175469147e+02  -4.5034627880132706e+02   1.6265985566412025e+03
  -7.8826346468971803e+02  -4.5047903055017269e+02   1.6283567496675446e+03
  -7.8826346617742774e+02  -4.5047895369796498e+02   1.6273103197025735e+03
  -7.8803953081676116e+02  -4.5117856682082129e+02   1.6276969898982018e+03
  -7.8941333962237297e+02  -4.5047652445951076e+02   1.6275164429575786e+03
  -7.8441622682579884e+02  -4.5201576984484007e+02   1.6154247517629790e+03
  -7.8445081324952901e+02  -4.5085260779268873e+02   1.6156181555669164e+03
  -7.8421932839263366e+02  -4.5057433995865358e+02   1.6149491858264496e+03
  -7.8397181407929816e+02  -4.5133947658207558e+02   1.6143700645267925e+03
  -7.8406429875095250e+02  -4.5128626292316744e+02   1.6143148770681933e+03
  -7.8293558764661816e+02  -4.5193698983811515e+02   1.6141670266040448e+03
  -7.8302691007424869e+02  -4.5216394068502223e+02   1.6164991146541224e+03
  -7.8318721613174773e+02  -4.5157299328815554e+02   1.6155739997066221e+03
  -7.8316805090100797e+02  -4.5153999370143282e+02   1.6173125931724423e+03
  -7.8144600578547738e+02  -4.5177757410478745e+02   1.6174160668092788e+03
  -7.8008492720992376e+02  -4.5050497672896347e+02   1.6182996727576876e+03
  -7.8004022076461831e+02  -4.5034934591820928e+02   1.6180861389860122e+03
  -7.7895801538400246e+02  -4.4808296876639764e+02   1.6200918037918605e+03
  -7.7889284955245648e+02  -4.4877105584246857e+02   1.6201167364541661e+03
  -7.7843187787837724e+02  -4.4948065081350762e+02   1.6213520200006471e+03
  -7.7865813852641679e+02  -4.4961518120364030e+02   1.6225547078077843e+03
  -7.7866902609126282e+02  -4.4962338049100777e+02   1.6243186030425672e+03
  -7.7760616393312296e+02  -4.5558571805307366e+02   1.6154780125425984e+03
  -7.7697559082186046e+02  -4.5440648218990640e+02   1.6140379282467895e+03
  -7.7667084709053040e+02  -4.5468192418913605e+02   1.6138177964949448e+03
  -7.7637755512871513e+02  -4.5446072896351387e+02   1.6140894361450578e+03
  -7.7625650416718838e+02  -4.5473126775901960e+02   1.6144642215768647e+03
  -7.5620889007458084e+02  -4.8489626537008678e+02   1.6173125862005613e+03
  -7.5533152273359656e+02  -4.8414923073567235e+02   1.6164050722406541e+03
  -7.5537294445787313e+02  -4.8427896308267844e+02   1.6161472189302647e+03
  -7.5501978103410977e+02  -4.8444541700486462e+02   1.6156860237900903e+03
  -7.5575183345898608e+02  -4.8455536897468414e+02   1.6081795236013097e+03
  -7.5508245118028640e+02  -4.8438739524721666e+02   1.6088442248589267e+03
  -7.5468426562260106e+02  -4.8435536814300082e+02   1.6099031080915177e+03
  -7.5425530741880038e+02  -4.8441492209115495e+02   1.6086923634112750e+03
  -7.5459273711714297e+02  -4.8442277556271841e+02   1.6082476780426512e+03
  -7.5370827203144370e+02  -4.8475196199949090e+02   1.6104383722943171e+03
  -7.5399029548736542e+02  -4.8396011531280072e+02   1.6110612638706036e+03
  -7.5358132227501335e+02  -4.8364905794938653e+02   1.6126764265631737e+03
  -7.5355069934067330e+02  -4.8347974096757088e+02   1.6133879179250594e+03
  -7.5341641492610086e+02  -4.8348820914101822e+02   1.6111393037377602e+03
  -7.5329281194468433e+02  -4.8424124641551782e+02   1.6115314133110521e+03
  -7.5201370269177653e+02  -4.8529857168781047e+02   1.6112255142164695e+03
  -7.5201339355089715e+02  -4.8529989287864504e+02   1.6112384735770847e+03
  -7.5200500498819997e+02  -4.8604181189067532e+02   1.6108088311636641e+03
  -7.5179998636142795e+02  -4.8605463439275371e+02   1.6103370561743081e+03
  -7.5113866986069638e+02  -4.8603006573698394e+02   1.6098179111385164e+03
  -7.5371186471276894e+02  -4.9047939754311955e+02   1.6137956381507104e+03
  -7.5262331932504389e+02  -4.9108313019359701e+02   1.6143581460301602e+03
  -7.5273943066295328e+02  -4.9094182774303783e+02   1.6136437678175732e+03
  -7.5346288318083600e+02  -4.9159559708371017e+02   1.6145099728922157e+03
  -7.5324016151556032e+02  -4.9087975870831139e+02   1.6135208381966102e+03
  -7.5321728378031366e+02  -4.9051548651581379e+02   1.6135792896438604e+03
  -7.5262692409745921e+02  -4.9005835608339680e+02   1.6128473673416561e+03
  -7.5220190329194077e+02  -4.9057019103201708e+02   1.6121448209343559e+03
  -7.5206088405095602e+02  -4.9044962338664186e+02   1.6116167996855222e+03
  -7.5209034506586329e+02  -4.9062125351852524e+02   1.6113612765408179e+03
  -7.5279932344960480e+02  -4.9113589615108810e+02   1.6119130821876204e+03
  -7.5250682130295297e+02  -4.9062974159600094e+02   1.6121260189256045e+03
  -7.5298992694304991e+02  -4.9137986994586504e+02   1.6142543871704377e+03
  -7.5328682701203115e+02  -4.9179468835932801e+02   1.6164323821118417e+03
  -7.5311740333298508e+02  -4.9177729123950672e+02   1.6161499026122426e+03
  -7.5327451966147783e+02  -4.9261767694105600e+02   1.6162803024763907e+03
  -7.5391082706154771e+02  -4.9324737599341887e+02   1.6165424621216309e+03
  -7.5397302431479693e+02  -4.9322174988280580e+02   1.6155802299357354e+03
  -7.5416555231072243e+02  -4.9364898939088374e+02   1.6152254600818476e+03
  -7.5417409595779873e+02  -4.9363700368900498e+02   1.6150276182219654e+03
  -7.5542118985032630e+02  -4.8691557984819786e+02   1.6095695877266492e+03
  -7.5368333750231966e+02  -4.8883192682704259e+02   1.6061630003474404e+03
  -7.5319715968821095e+02  -4.8859501181196066e+02   1.6063863405098116e+03
  -7.5402378860574242e+02  -4.8939343335721799e+02   1.6080202556273771e+03
  -7.5295189504125869e+02  -4.8942116560661634e+02   1.6073034543163753e+03
  -7.5295561714899941e+02  -4.8935386496512353e+02   1.6074420138247422e+03
  -7.5274728213347476e+02  -4.8971885703673456e+02   1.6078851631389653e+03
  -7.5510228294165677e+02  -4.8923458326247612e+02   1.6072748972503264e+03
  -7.5537911136683817e+02  -4.8975393446766270e+02   1.6073049024875299e+03
  -7.5655859029897772e+02  -4.9053630669865782e+02   1.6072225769994229e+03
  -7.5651642562638028e+02  -4.9083945971682704e+02   1.6079607734701867e+03
  -7.5527324360942896e+02  -4.9026535403319366e+02   1.6087402316119187e+03
  -7.6398122163379389e+02  -4.9983628708042806e+02   1.5886399471268232e+03
  -7.6340104837171509e+02  -4.9913291677266761e+02   1.5872417841895615e+03
  -7.6344130017541715e+02  -4.9931896728477187e+02   1.5873896038041271e+03
  -7.6428344214633353e+02  -4.9821783800169806e+02   1.5875883896175901e+03
  -7.6402059667904928e+02  -4.9773999908224192e+02   1.5872948987018008e+03
  -7.6473108528111766e+02  -4.9846505476988369e+02   1.5862958805954243e+03
  -7.6476781859077801e+02  -4.9851497669437964e+02   1.5864270399940053e+03
  -7.6424848319614932e+02  -4.9918666150140155e+02   1.5863020403652549e+03
  -7.6492517281344590e+02  -4.9862804043019275e+02   1.5870818829379241e+03
  -7.6400120384029231e+02  -4.9872302193881956e+02   1.5875596434395013e+03
  -7.6350478964035483e+02  -4.9854937147468394e+02   1.5877738565444133e+03
  -7.6344704517582079e+02  -4.9814471201612855e+02   1.5868347987838231e+03
  -7.6413266306070147e+02  -4.9825373548923795e+02   1.5875862251158369e+03
  -7.6363618873844962e+02  -4.9613383647732218e+02   1.5864239014939542e+03
  -7.6271662983652516e+02  -4.9719795424303385e+02   1.5867227246365085e+03
  -7.6186458534536973e+02  -4.9213404139673361e+02   1.5767904826661993e+03
  -7.6230706370979863e+02  -4.9170995502463228e+02   1.5764881283432478e+03
  -7.6270117314243805e+02  -4.9146609725320917e+02   1.5765420889639081e+03
  -7.6231815061584086e+02  -4.9161010186860210e+02   1.5776777861012527e+03
  -7.6154913432310673e+02  -4.9216464964048839e+02   1.5761761785280210e+03
  -7.6215608048870115e+02  -4.9243615036904140e+02   1.5730969438272768e+03
  -7.6167083934608434e+02  -4.9246788282473915e+02   1.5720086566051511e+03
  -7.6349333210754810e+02  -4.9253832352066945e+02   1.5730172031694738e+03
  -7.6369079503708485e+02  -4.9230629340428106e+02   1.5733131274541672e+03
  -7.6365084049211191e+02  -4.9207245638032043e+02   1.5730657104170818e+03
  -7.6333070907186323e+02  -4.9174042128494153e+02   1.5746726280235489e+03
  -7.6373490781899136e+02  -4.9142080828256422e+02   1.5741183135122135e+03
  -7.6337035338995963e+02  -4.9226438740666259e+02   1.5755982622784479e+03
  -7.6442039867041319e+02  -4.9005924140744304e+02   1.5754942447253609e+03
  -7.6381133142535157e+02  -4.9002425953202851e+02   1.5753420009028821e+03
  -7.6431420682526459e+02  -4.9046228307215381e+02   1.5749990545974383e+03
  -7.6428172605076566e+02  -4.9017206512027514e+02   1.5765509138201685e+03
  -7.6427362404052394e+02  -4.9020321925695828e+02   1.5765358603601833e+03
  -7.6391421316572325e+02  -4.9062874585540879e+02   1.5753297421779773e+03
  -7.6423762483661449e+02  -4.9078848515448584e+02   1.5748187262867823e+03
  -7.6463965846998803e+02  -4.9055023088640388e+02   1.5733711114102241e+03
  -7.6432165825162758e+02  -4.9035716265921207e+02   1.5732336342093097e+03
  -7.6564371405635279e+02  -4.8870005164466414e+02   1.5768081501012423e+03
  -7.6554481130440797e+02  -4.8877610376471875e+02   1.5768036594728378e+03
  -7.6559142206644515e+02  -4.8927713908752952e+02   1.5763024560157489e+03
  -7.6562852683929736e+02  -4.8923867351579679e+02   1.5751651020247130e+03
  -7.6595133549025479e+02  -4.8900572122203511e+02   1.5754682337710140e+03
  -7.6602319169829138e+02  -4.8807335975385178e+02   1.5765444326909708e+03
  -7.6684813886036397e+02  -4.8703342159288525e+02   1.5769437861154970e+03
  -7.6600262060198804e+02  -4.8713390791931170e+02   1.5768776138577118e+03
  -7.6505980714411078e+02  -4.8843428939303777e+02   1.5758061342378323e+03
  -7.6495180583121760e+02  -4.8824323089711362e+02   1.5769453871315663e+03
  -7.6465873191801552e+02  -4.8691592888031681e+02   1.5767042384269316e+03
  -7.6217660425807196e+02  -4.9139797697681178e+02   1.5756912769909943e+03
  -7.6195578166117389e+02  -4.9059134487379896e+02   1.5762405542997676e+03
  -7.6097506363233606e+02  -4.9044715798208529e+02   1.5755629663082530e+03
  -7.6114857818861572e+02  -4.9050858554075404e+02   1.5766480699869001e+03
  -7.6116783057706959e+02  -4.9050045457570639e+02   1.5763077475463267e+03
  -7.6107621039679293e+02  -4.9069649458100650e+02   1.5766000402927752e+03
  -7.6144748291439396e+02  -4.9070768770092661e+02   1.5758999602626629e+03
  -7.6176858692553583e+02  -4.8967290904225155e+02   1.5754134610755973e+03
  -7.6164893754265916e+02  -4.8925271983905418e+02   1.5767455194655208e+03
  -7.6209444195103242e+02  -4.8969388495392013e+02   1.5774969409765554e+03
  -7.6223136656306258e+02  -4.8976619347681986e+02   1.5767629940509198e+03
  -7.6168759740359144e+02  -4.8955437563267418e+02   1.5761296910168794e+03
  -7.6128949635136303e+02  -4.8888884892056717e+02   1.5775266087105697e+03
  -7.6178116081328517e+02  -4.8884732034612210e+02   1.5753984999866996e+03
  -7.6171478509965948e+02  -4.8880272951275469e+02   1.5740872115578727e+03
  -7.6146791920044166e+02  -4.8870007226306120e+02   1.5734151706274395e+03
  -7.6128988092861493e+02  -4.8952201216789393e+02   1.5734904954165777e+03
  -7.6130742807291051e+02  -4.8954991176901780e+02   1.5729964286399643e+03
  -7.6264579763582060e+02  -4.8850282320498434e+02   1.5732857968296100e+03
  -7.6259044658986102e+02  -4.8880177030066255e+02   1.5729192487349246e+03
  -7.6223516477832959e+02  -4.8861100095584436e+02   1.5738086222475813e+03
  -7.6317520873475087e+02  -4.8806413946748592e+02   1.5790340075725173e+03
  -7.6318003858443626e+02  -4.8805177256364232e+02   1.5789811270439086e+03
  -7.6345636555839178e+02  -4.8815126172189025e+02   1.5791055467126894e+03
  -7.6522987342443446e+02  -4.8991659966211336e+02   1.5799389734881026e+03
  -7.6533943462366437e+02  -4.8980009243402600e+02   1.5792438127149553e+03
  -7.7489736415263951e+02  -4.8935872337886292e+02   1.5825361371536555e+03
  -7.7201506755610490e+02  -4.8880396880505322e+02   1.5820037054854074e+03
  -7.7355934821624726e+02  -4.9204172917216562e+02   1.5953293530290414e+03
  -7.7315373313574298e+02  -4.9187556183730521e+02   1.5951551083749728e+03
  -7.7353372353553141e+02  -4.9184796033791088e+02   1.5936356782420589e+03
  -7.7485624396437095e+02  -4.9327171699436485e+02   1.5938761087888163e+03
  -7.7557829794931331e+02  -4.9351331696883892e+02   1.5937775353130112e+03
  -7.7521815487982872e+02  -4.9441134778537719e+02   1.5916301708831036e+03
  -7.6020827461236536e+02  -4.9925689002714665e+02   1.6141487549099602e+03
  -7.5960692945191727e+02  -4.9955824245704758e+02   1.6133321672976376e+03
  -7.6011356788086380e+02  -4.9917941185371586e+02   1.6096076050824499e+03
  -7.6020466652523203e+02  -4.9910875390609834e+02   1.6095925882503395e+03
  -7.5974183849656390e+02  -4.9933789144365591e+02   1.6078659555100146e+03
  -7.5926043757740263e+02  -4.9876025173577597e+02   1.6079337380834163e+03
  -7.5906046523727230e+02  -4.9861134672250461e+02   1.6080617374571252e+03
  -7.5960506222679521e+02  -4.9896859869174625e+02   1.6080472050962105e+03
  -7.5963002198827132e+02  -4.9899416550972217e+02   1.6092253080694290e+03
  -7.5682311707875340e+02  -4.9688524691167157e+02   1.6094551681108708e+03
  -7.5732007512800737e+02  -4.9653833888852739e+02   1.6098568502848245e+03
  -7.5768649112937044e+02  -4.9687999842525710e+02   1.6106189295712099e+03
  -7.5841678440696171e+02  -4.9727361756108343e+02   1.6115004671611023e+03
  -7.5844259250915957e+02  -4.9726352431351131e+02   1.6116568169024270e+03
  -7.5705048429468320e+02  -4.9782173030417806e+02   1.6114940076530966e+03
  -7.5621707056170942e+02  -4.9776816747476801e+02   1.6119593465601874e+03
  -7.5456622521059512e+02  -4.9662094066311340e+02   1.6108596892837897e+03
  -7.5461223984892138e+02  -4.9637139813465274e+02   1.6108432569377169e+03
  -7.5449157835100914e+02  -4.9650391772066342e+02   1.6106979695842381e+03
  -7.0161542887111545e+02  -5.0559501107708184e+02   1.5666354662733215e+03
  -7.0136599665372296e+02  -5.0564116848039646e+02   1.5659446952516046e+03
  -7.0142547673706736e+02  -5.0462139442087181e+02   1.5676819128659715e+03
  -7.0138616674944103e+02  -5.0437407817490339e+02   1.5689481569322249e+03
  -7.0134345370026710e+02  -5.0488723156504182e+02   1.5680009812767178e+03
  -7.0127230293263347e+02  -5.0514986977670651e+02   1.5688990563674811e+03
  -7.0009486644738752e+02  -5.0342092241172139e+02   1.5681054298775093e+03
  -6.8362842264539188e+02  -4.5652171749933609e+02   1.5379690183058567e+03
  -6.8418870223359022e+02  -4.5700912496862594e+02   1.5362566083446723e+03
  -6.8369509506495604e+02  -4.5794489301218022e+02   1.5370641499398455e+03
  -6.8294797166990327e+02  -4.5869799435038840e+02   1.5363857730789725e+03
  -6.8099128931348264e+02  -4.5931781067839194e+02   1.5353832137473003e+03
  -6.8100682901453888e+02  -4.5905916828808023e+02   1.5360914135333489e+03
  -6.8161302235971129e+02  -4.5831712628101542e+02   1.5351874794607158e+03
  -6.8094116707848821e+02  -4.5748170916912687e+02   1.5360419049978211e+03
  -6.8083692262234558e+02  -4.5701894835303739e+02   1.5368842881023520e+03
  -6.8092804352557334e+02  -4.5708080538362515e+02   1.5371775656870593e+03
  -6.8049492467847142e+02  -4.5737988602351658e+02   1.5362194430152483e+03
  -6.8183775662141056e+02  -4.5911594469579393e+02   1.5353516670814322e+03
  -6.8178629374335128e+02  -4.5852747689066888e+02   1.5347807929483567e+03
  -6.8206953989761530e+02  -4.5854057488561023e+02   1.5342204781026169e+03
  -6.8190728335239044e+02  -4.5762509314606280e+02   1.5345072745030845e+03
  -6.8403936111869837e+02  -4.5669831899832076e+02   1.5357595079997470e+03
  -6.8301432139357644e+02  -4.5890935397154811e+02   1.5369302793015552e+03
  -6.8310028387773809e+02  -4.5886268469830685e+02   1.5335002186781394e+03
  -6.8345075204974705e+02  -4.5894096873546545e+02   1.5347550719821297e+03
  -6.8343201080665176e+02  -4.5896021721179170e+02   1.5349270134723038e+03
  -6.8373700823412241e+02  -4.5912410523754301e+02   1.5361829997575890e+03
  -6.8513119695570197e+02  -4.6002904567414970e+02   1.5345422500196344e+03
  -6.8551327401072649e+02  -4.5957646982669712e+02   1.5343689388745033e+03
  -6.8478654296261459e+02  -4.6002386990515237e+02   1.5335366204167124e+03
  -6.8567215123702920e+02  -4.6055969209887093e+02   1.5330776621720531e+03
  -6.8630776976851371e+02  -4.6229995919888154e+02   1.5344711835559310e+03
  -6.8666000578646492e+02  -4.6201109395539805e+02   1.5349358146521779e+03
  -6.8578197511244332e+02  -4.6202358659026487e+02   1.5347140841496062e+03
  -6.8441934026680394e+02  -4.6134179547973741e+02   1.5338068618644243e+03
  -6.8451788840695485e+02  -4.6255013361267049e+02   1.5351002186389835e+03
  -6.8462950805091793e+02  -4.6221408120552417e+02   1.5356804646162504e+03
  -6.8526194189677699e+02  -4.6162636138577790e+02   1.5355285531808438e+03
  -6.8387117240394457e+02  -4.6361065196735041e+02   1.5261897758734940e+03
  -6.8365061585388457e+02  -4.6393064599989930e+02   1.5269180742985161e+03
  -6.8234842197854402e+02  -4.6440413590578794e+02   1.5271455602570495e+03
  -6.8123336694172747e+02  -4.6317012829615840e+02   1.5271194446677393e+03
  -6.8173822179419653e+02  -4.6349810508671385e+02   1.5275301328945875e+03
  -6.8072331717800648e+02  -4.6378129356673503e+02   1.5269692604207305e+03
  -6.8071291570347091e+02  -4.6380979688636120e+02   1.5269537348356748e+03
  -6.8072681127950659e+02  -4.6382895455369936e+02   1.5274685361973677e+03
  -6.8092378706008697e+02  -4.6475112724686068e+02   1.5301271338581362e+03
  -6.8091734750312730e+02  -4.6475312866102598e+02   1.5322507823859492e+03
  -6.8046157658776031e+02  -4.6410362177611609e+02   1.5334210316208719e+03
  -6.8025840783182082e+02  -4.6419247988988917e+02   1.5333579377046517e+03
  -6.7919234205561997e+02  -4.6483705477461939e+02   1.5327236123494561e+03
  -6.7954551768666772e+02  -4.6333425444687191e+02   1.5312246945727843e+03
  -6.7915112310281074e+02  -4.6479240397679200e+02   1.5305342323820259e+03
  -6.7987336274851418e+02  -4.6453228249206563e+02   1.5296755924368697e+03
  -6.8145702216520237e+02  -4.6551405712980096e+02   1.5294249904787689e+03
  -6.8198156599025924e+02  -4.6611485888720046e+02   1.5296968197861645e+03
  -6.8016280965800092e+02  -4.6883387186968429e+02   1.5279916888870507e+03
  -6.7934308070944655e+02  -4.7111235622689594e+02   1.5282990696367440e+03
  -6.7893248308869795e+02  -4.7184443583027661e+02   1.5275913585141527e+03
  -6.1414564019522436e+02  -4.2023074295915785e+02   1.5510750227393087e+03
  -6.1407854172578595e+02  -4.2025335762073314e+02   1.5511070903205073e+03
  -5.4544068917873676e+02  -3.2038921856111926e+02   1.7080295246083681e+03
  -5.4538148939161374e+02  -3.2035165125148768e+02   1.7081148860888391e+03
  -5.4477201997317366e+02  -3.2012357231616488e+02   1.7073711322622037e+03
  -5.4485146739745687e+02  -3.1995582531518687e+02   1.7076447641277616e+03
  -5.4651813320818837e+02  -3.1925994281283994e+02   1.7066272869527361e+03
  -5.4650972038624650e+02  -3.1922851532362421e+02   1.7054990146353186e+03
  -5.4608859806782266e+02  -3.1909801910957441e+02   1.7043224896129720e+03
  -5.4649280501464466e+02  -3.1927456837769614e+02   1.7067791302419614e+03
  -5.4692410786305402e+02  -3.1901799385729589e+02   1.7020904485090218e+03
  -5.4593854205213358e+02  -3.1903476814066084e+02   1.7012783828565152e+03
  -5.4575514882700656e+02  -3.1905065923539479e+02   1.7029192627940945e+03
  -5.4628079781285464e+02  -3.2000520923213810e+02   1.7025569200050859e+03
  -5.4682900548354621e+02  -3.2136855469492434e+02   1.7034365343719005e+03
  -5.4685570458668190e+02  -3.2136838960027342e+02   1.7035230886681250e+03
  -5.4582108832590006e+02  -3.2148640501282284e+02   1.7030328639120551e+03
  -5.4011816232339436e+02  -3.1833288590675409e+02   1.7031601818489776e+03
  -5.3799082918327713e+02  -3.1790561641063357e+02   1.7032460673831033e+03
  -5.3463506194017123e+02  -3.1510209224968804e+02   1.6944371168000848e+03
  -5.3360240862092860e+02  -3.1533097485971854e+02   1.6996813958492121e+03
  -5.3386140356597480e+02  -3.1426523003341572e+02   1.6990080443557981e+03
  -5.3379379919368148e+02  -3.1447670501819573e+02   1.6990241415339376e+03
  -5.3378166870985842e+02  -3.1437517145967564e+02   1.6979210761505312e+03
  -5.3402177409119952e+02  -3.1455770916071214e+02   1.6983135991844067e+03
  -5.3383491057161712e+02  -3.1490857652215561e+02   1.6986838543389729e+03
  -5.3385656413107552e+02  -3.1513541939412931e+02   1.6978062928077779e+03
  -5.3406410924799877e+02  -3.1527268169499308e+02   1.6989423520361715e+03
  -5.3430686921900542e+02  -3.1535751971624228e+02   1.7000619970210817e+03
  -5.3338528509819957e+02  -3.1457561903276564e+02   1.7001892370040678e+03
  -5.3288420502166537e+02  -3.1479659328455665e+02   1.6954489886441154e+03
  -5.3275227409710214e+02  -3.1484101045468316e+02   1.6955362647504064e+03
  -5.3185771651885887e+02  -3.1425688963221728e+02   1.6944816582506940e+03
  -5.3404882608470757e+02  -3.1433706548115811e+02   1.6977581900007037e+03
  -5.3417991032462248e+02  -3.1334797414194145e+02   1.6968653331877176e+03
  -5.3427647100412889e+02  -3.1243219558947175e+02   1.6969516225276786e+03
  -5.3429900236569233e+02  -3.1246783319755986e+02   1.6968464634021163e+03
  -5.3503674131263858e+02  -3.1279167154639578e+02   1.6972431800675192e+03
  -5.3499363997869159e+02  -3.1277027327874231e+02   1.6975748188829884e+03
  -5.3387115326426283e+02  -3.1179191918346447e+02   1.6955199581433114e+03
  -5.3395916937231380e+02  -3.1168986276790434e+02   1.6966600359479937e+03
  -5.3391730388659721e+02  -3.1174760855245603e+02   1.6966185401937460e+03
  -5.3395428769027592e+02  -3.1168135715683405e+02   1.6944165248467948e+03
  -5.3443874159972938e+02  -3.1119039661794739e+02   1.6938688027183853e+03
  -5.3447228845441020e+02  -3.1118249147605769e+02   1.6936087749946851e+03
  -5.3427409205098968e+02  -3.1028700561975472e+02   1.6919058920957907e+03
  -5.3416640334833653e+02  -3.0931242368248860e+02   1.6916147872570436e+03
  -5.3560268499522977e+02  -3.0909373618530947e+02   1.6914027186088597e+03
  -5.3689981194170423e+02  -3.0820822080230192e+02   1.6903642085439321e+03
  -5.3688797531690909e+02  -3.0820676592739500e+02   1.6902310128155912e+03
  -5.3771490114789435e+02  -3.0629020934774246e+02   1.6892680898562483e+03
  -5.3802197630859416e+02  -3.0525637802786747e+02   1.6892489901391884e+03
  -5.4129466298281500e+02  -3.0324372492877006e+02   1.6791468322067849e+03
  -5.4107545436927978e+02  -3.0299563207485102e+02   1.6799424724841197e+03
  -5.4096212563537676e+02  -3.0298286543005264e+02   1.6795211061004668e+03
