Generation 1
Best distance: 800.733
Best path:
-86.3006 32.3777
-92.1729 38.5792
-134.42 58.3016
-100.346 44.367
-90.1821 32.3038
-84.5553 42.7336
-100.783 46.8209
-116.2 43.6178
-157.857 21.3074
-112.097 33.4481
-111.888 40.7775
-93.6037 41.5911
-77.4336 37.5389
-71.0637 42.3582
-84.8754 38.1867
-89.655 39.7984
-81.0332 34.0003
-72.5805 44.2624
-72.6822 41.764
-71.415 41.8309
-95.678 39.0482
-74.7699 40.2206
-71.538 43.2069
-73.7579 42.6528
-84.3882 33.749
-119.766 39.1639
-104.985 39.7392
-82.9991 39.9613
-81.6123 38.3362
-122.905 47.0358
-121.494 38.5767
-105.94 35.6822
-69.7817 44.3072
-75.5197 39.1573
-76.8836 40.2644
-76.4909 38.9788
-91.1874 30.4571
-84.2813 30.4381
-86.7842 36.1658
-86.1626 39.7686
-123.03 44.9385
-96.6997 40.8081
-92.289 34.7466
-89.3844 43.0747
-78.6391 35.7804
-93.1022 44.9551
-112.018 46.5857
-97.7403 30.2747
-97.5033 35.4922
-86.3006 32.3777

Generation 50
Best distance: 484.665
Best path:
-86.3006 32.3777
-78.6391 35.7804
-74.7699 40.2206
-77.4336 37.5389
-100.346 44.367
-89.3844 43.0747
-93.1022 44.9551
-92.289 34.7466
-97.7403 30.2747
-97.5033 35.4922
-111.888 40.7775
-112.018 46.5857
-100.783 46.8209
-122.905 47.0358
-119.766 39.1639
-116.2 43.6178
-123.03 44.9385
-121.494 38.5767
-134.42 58.3016
-157.857 21.3074
-104.985 39.7392
-105.94 35.6822
-112.097 33.4481
-96.6997 40.8081
-95.678 39.0482
-93.6037 41.5911
-92.1729 38.5792
-86.7842 36.1658
-71.415 41.8309
-71.538 43.2069
-73.7579 42.6528
-71.0637 42.3582
-72.5805 44.2624
-72.6822 41.764
-69.7817 44.3072
-84.3882 33.749
-89.655 39.7984
-81.0332 34.0003
-82.9991 39.9613
-91.1874 30.4571
-84.2813 30.4381
-84.5553 42.7336
-81.6123 38.3362
-76.8836 40.2644
-84.8754 38.1867
-76.4909 38.9788
-75.5197 39.1573
-86.1626 39.7686
-90.1821 32.3038
-86.3006 32.3777

Generation 100
Best distance: 400.507
Best path:
-86.3006 32.3777
-71.415 41.8309
-73.7579 42.6528
-74.7699 40.2206
-72.5805 44.2624
-71.538 43.2069
-71.0637 42.3582
-72.6822 41.764
-69.7817 44.3072
-84.8754 38.1867
-82.9991 39.9613
-89.3844 43.0747
-93.1022 44.9551
-100.346 44.367
-93.6037 41.5911
-104.985 39.7392
-121.494 38.5767
-119.766 39.1639
-123.03 44.9385
-157.857 21.3074
-134.42 58.3016
-122.905 47.0358
-116.2 43.6178
-105.94 35.6822
-112.097 33.4481
-111.888 40.7775
-112.018 46.5857
-100.783 46.8209
-96.6997 40.8081
-95.678 39.0482
-97.7403 30.2747
-97.5033 35.4922
-86.7842 36.1658
-92.289 34.7466
-92.1729 38.5792
-89.655 39.7984
-91.1874 30.4571
-78.6391 35.7804
-84.2813 30.4381
-84.3882 33.749
-81.0332 34.0003
-84.5553 42.7336
-76.8836 40.2644
-76.4909 38.9788
-77.4336 37.5389
-75.5197 39.1573
-81.6123 38.3362
-86.1626 39.7686
-90.1821 32.3038
-86.3006 32.3777

Generation 150
Best distance: 334.036
Best path:
-86.3006 32.3777
-73.7579 42.6528
-72.5805 44.2624
-71.415 41.8309
-71.0637 42.3582
-69.7817 44.3072
-71.538 43.2069
-72.6822 41.764
-74.7699 40.2206
-78.6391 35.7804
-89.3844 43.0747
-93.1022 44.9551
-93.6037 41.5911
-100.346 44.367
-104.985 39.7392
-105.94 35.6822
-112.097 33.4481
-121.494 38.5767
-119.766 39.1639
-123.03 44.9385
-157.857 21.3074
-134.42 58.3016
-122.905 47.0358
-116.2 43.6178
-111.888 40.7775
-112.018 46.5857
-100.783 46.8209
-96.6997 40.8081
-95.678 39.0482
-97.5033 35.4922
-97.7403 30.2747
-91.1874 30.4571
-92.289 34.7466
-86.7842 36.1658
-92.1729 38.5792
-89.655 39.7984
-86.1626 39.7686
-84.8754 38.1867
-84.5553 42.7336
-82.9991 39.9613
-84.3882 33.749
-84.2813 30.4381
-81.0332 34.0003
-77.4336 37.5389
-76.8836 40.2644
-75.5197 39.1573
-76.4909 38.9788
-81.6123 38.3362
-90.1821 32.3038
-86.3006 32.3777

Generation 200
Best distance: 310.038
Best path:
-86.3006 32.3777
-73.7579 42.6528
-72.5805 44.2624
-69.7817 44.3072
-71.538 43.2069
-71.0637 42.3582
-71.415 41.8309
-72.6822 41.764
-74.7699 40.2206
-76.8836 40.2644
-89.3844 43.0747
-93.1022 44.9551
-93.6037 41.5911
-96.6997 40.8081
-104.985 39.7392
-105.94 35.6822
-112.097 33.4481
-119.766 39.1639
-121.494 38.5767
-157.857 21.3074
-134.42 58.3016
-122.905 47.0358
-123.03 44.9385
-116.2 43.6178
-111.888 40.7775
-112.018 46.5857
-100.783 46.8209
-100.346 44.367
-95.678 39.0482
-97.5033 35.4922
-97.7403 30.2747
-91.1874 30.4571
-92.289 34.7466
-92.1729 38.5792
-89.655 39.7984
-84.8754 38.1867
-82.9991 39.9613
-84.5553 42.7336
-86.1626 39.7686
-86.7842 36.1658
-84.3882 33.749
-84.2813 30.4381
-81.0332 34.0003
-78.6391 35.7804
-77.4336 37.5389
-75.5197 39.1573
-76.4909 38.9788
-81.6123 38.3362
-90.1821 32.3038
-86.3006 32.3777

Generation 250
Best distance: 307.225
Best path:
-86.3006 32.3777
-73.7579 42.6528
-72.5805 44.2624
-69.7817 44.3072
-71.538 43.2069
-71.0637 42.3582
-71.415 41.8309
-72.6822 41.764
-74.7699 40.2206
-76.8836 40.2644
-89.3844 43.0747
-93.1022 44.9551
-93.6037 41.5911
-96.6997 40.8081
-104.985 39.7392
-105.94 35.6822
-112.097 33.4481
-119.766 39.1639
-121.494 38.5767
-157.857 21.3074
-134.42 58.3016
-122.905 47.0358
-123.03 44.9385
-116.2 43.6178
-111.888 40.7775
-112.018 46.5857
-100.783 46.8209
-100.346 44.367
-95.678 39.0482
-97.5033 35.4922
-97.7403 30.2747
-91.1874 30.4571
-92.289 34.7466
-92.1729 38.5792
-89.655 39.7984
-84.5553 42.7336
-82.9991 39.9613
-86.1626 39.7686
-84.8754 38.1867
-86.7842 36.1658
-90.1821 32.3038
-84.2813 30.4381
-81.0332 34.0003
-78.6391 35.7804
-77.4336 37.5389
-75.5197 39.1573
-76.4909 38.9788
-81.6123 38.3362
-84.3882 33.749
-86.3006 32.3777

Generation 300
Best distance: 307.225
Best path:
-86.3006 32.3777
-73.7579 42.6528
-72.5805 44.2624
-69.7817 44.3072
-71.538 43.2069
-71.0637 42.3582
-71.415 41.8309
-72.6822 41.764
-74.7699 40.2206
-76.8836 40.2644
-89.3844 43.0747
-93.1022 44.9551
-93.6037 41.5911
-96.6997 40.8081
-104.985 39.7392
-105.94 35.6822
-112.097 33.4481
-119.766 39.1639
-121.494 38.5767
-157.857 21.3074
-134.42 58.3016
-122.905 47.0358
-123.03 44.9385
-116.2 43.6178
-111.888 40.7775
-112.018 46.5857
-100.783 46.8209
-100.346 44.367
-95.678 39.0482
-97.5033 35.4922
-97.7403 30.2747
-91.1874 30.4571
-92.289 34.7466
-92.1729 38.5792
-89.655 39.7984
-84.5553 42.7336
-82.9991 39.9613
-86.1626 39.7686
-84.8754 38.1867
-86.7842 36.1658
-90.1821 32.3038
-84.2813 30.4381
-81.0332 34.0003
-78.6391 35.7804
-77.4336 37.5389
-75.5197 39.1573
-76.4909 38.9788
-81.6123 38.3362
-84.3882 33.749
-86.3006 32.3777

Generation 350
Best distance: 307.225
Best path:
-86.3006 32.3777
-73.7579 42.6528
-72.5805 44.2624
-69.7817 44.3072
-71.538 43.2069
-71.0637 42.3582
-71.415 41.8309
-72.6822 41.764
-74.7699 40.2206
-76.8836 40.2644
-89.3844 43.0747
-93.1022 44.9551
-93.6037 41.5911
-96.6997 40.8081
-104.985 39.7392
-105.94 35.6822
-112.097 33.4481
-119.766 39.1639
-121.494 38.5767
-157.857 21.3074
-134.42 58.3016
-122.905 47.0358
-123.03 44.9385
-116.2 43.6178
-111.888 40.7775
-112.018 46.5857
-100.783 46.8209
-100.346 44.367
-95.678 39.0482
-97.5033 35.4922
-97.7403 30.2747
-91.1874 30.4571
-92.289 34.7466
-92.1729 38.5792
-89.655 39.7984
-84.5553 42.7336
-82.9991 39.9613
-86.1626 39.7686
-84.8754 38.1867
-86.7842 36.1658
-90.1821 32.3038
-84.2813 30.4381
-81.0332 34.0003
-78.6391 35.7804
-77.4336 37.5389
-75.5197 39.1573
-76.4909 38.9788
-81.6123 38.3362
-84.3882 33.749
-86.3006 32.3777

Generation 400
Best distance: 307.225
Best path:
-86.3006 32.3777
-73.7579 42.6528
-72.5805 44.2624
-69.7817 44.3072
-71.538 43.2069
-71.0637 42.3582
-71.415 41.8309
-72.6822 41.764
-74.7699 40.2206
-76.8836 40.2644
-89.3844 43.0747
-93.1022 44.9551
-93.6037 41.5911
-96.6997 40.8081
-104.985 39.7392
-105.94 35.6822
-112.097 33.4481
-119.766 39.1639
-121.494 38.5767
-157.857 21.3074
-134.42 58.3016
-122.905 47.0358
-123.03 44.9385
-116.2 43.6178
-111.888 40.7775
-112.018 46.5857
-100.783 46.8209
-100.346 44.367
-95.678 39.0482
-97.5033 35.4922
-97.7403 30.2747
-91.1874 30.4571
-92.289 34.7466
-92.1729 38.5792
-89.655 39.7984
-84.5553 42.7336
-82.9991 39.9613
-86.1626 39.7686
-84.8754 38.1867
-86.7842 36.1658
-90.1821 32.3038
-84.2813 30.4381
-81.0332 34.0003
-78.6391 35.7804
-77.4336 37.5389
-75.5197 39.1573
-76.4909 38.9788
-81.6123 38.3362
-84.3882 33.749
-86.3006 32.3777

Generation 450
Best distance: 307.225
Best path:
-86.3006 32.3777
-73.7579 42.6528
-72.5805 44.2624
-69.7817 44.3072
-71.538 43.2069
-71.0637 42.3582
-71.415 41.8309
-72.6822 41.764
-74.7699 40.2206
-76.8836 40.2644
-89.3844 43.0747
-93.1022 44.9551
-93.6037 41.5911
-96.6997 40.8081
-104.985 39.7392
-105.94 35.6822
-112.097 33.4481
-119.766 39.1639
-121.494 38.5767
-157.857 21.3074
-134.42 58.3016
-122.905 47.0358
-123.03 44.9385
-116.2 43.6178
-111.888 40.7775
-112.018 46.5857
-100.783 46.8209
-100.346 44.367
-95.678 39.0482
-97.5033 35.4922
-97.7403 30.2747
-91.1874 30.4571
-92.289 34.7466
-92.1729 38.5792
-89.655 39.7984
-84.5553 42.7336
-82.9991 39.9613
-86.1626 39.7686
-84.8754 38.1867
-86.7842 36.1658
-90.1821 32.3038
-84.2813 30.4381
-81.0332 34.0003
-78.6391 35.7804
-77.4336 37.5389
-75.5197 39.1573
-76.4909 38.9788
-81.6123 38.3362
-84.3882 33.749
-86.3006 32.3777

Generation 500
Best distance: 307.225
Best path:
-86.3006 32.3777
-73.7579 42.6528
-72.5805 44.2624
-69.7817 44.3072
-71.538 43.2069
-71.0637 42.3582
-71.415 41.8309
-72.6822 41.764
-74.7699 40.2206
-76.8836 40.2644
-89.3844 43.0747
-93.1022 44.9551
-93.6037 41.5911
-96.6997 40.8081
-104.985 39.7392
-105.94 35.6822
-112.097 33.4481
-119.766 39.1639
-121.494 38.5767
-157.857 21.3074
-134.42 58.3016
-122.905 47.0358
-123.03 44.9385
-116.2 43.6178
-111.888 40.7775
-112.018 46.5857
-100.783 46.8209
-100.346 44.367
-95.678 39.0482
-97.5033 35.4922
-97.7403 30.2747
-91.1874 30.4571
-92.289 34.7466
-92.1729 38.5792
-89.655 39.7984
-84.5553 42.7336
-82.9991 39.9613
-86.1626 39.7686
-84.8754 38.1867
-86.7842 36.1658
-90.1821 32.3038
-84.2813 30.4381
-81.0332 34.0003
-78.6391 35.7804
-77.4336 37.5389
-75.5197 39.1573
-76.4909 38.9788
-81.6123 38.3362
-84.3882 33.749
-86.3006 32.3777

