795.583
795.583
786.106
785.307
779.497
747.124
724.222
724.222
707.273
688.696
695.058
685.219
682.347
683.672
673.651
625.191
625.191
625.191
625.191
625.191
628.157
628.157
618.066
618.066
618.066
610.792
606.22
606.22
606.507
599.131
597.379
599.474
543.317
543.298
557.823
552.562
569.122
577.804
567.645
553.079
545.009
559.755
540.266
546.637
531.192
553.166
553.166
553.166
541.54
531.131
530.068
530.068
530.068
533.791
537.672
507.787
523.281
498.607
498.607
498.607
498.607
498.607
471.86
471.86
509.723
512.496
513.829
488.267
488.267
488.267
488.267
477.02
477.02
477.02
469.212
488.189
476.275
469.033
472.557
474.528
456.94
456.94
464.636
454.944
449.742
446.714
444.82
446.316
446.316
444.062
445.381
428.908
428.908
441.345
420.096
424.4
442.203
442.203
439.239
436.147
427.585
440.261
416.405
416.405
417.602
428.465
428.633
423.434
423.434
407.98
407.98
432.479
429.778
432.479
416.895
416.895
434.37
430.292
417.268
417.268
417.268
425.558
436.662
426.303
419.342
423.383
423.256
423.256
423.256
405.673
405.673
425.606
427.461
394.684
394.684
396.907
396.907
406.686
390.06
397.707
391.27
391.27
391.27
392.845
392.845
392.845
392.845
400.286
400.286
400.286
400.286
399.017
395.8
400.395
402.303
401.135
396.404
388.901
392.962
394.933
394.508
393.231
389.394
385.828
385.828
389.72
378.348
376.285
369.334
369.334
387.57
380.407
380.315
380.315
380.315
380.315
380.315
359.612
373.738
370.965
373.869
371.894
365.625
357.364
357.364
355.441
355.441
355.441
354.298
353.528
352.169
348.759
348.759
348.759
348.759
349.804
349.804
349.804
351.544
345.654
345.044
345.654
347.681
347.681
347.509
344.772
344.762
342.966
342.966
342.966
330.93
349.03
352.655
338.972
348.026
346.448
345.407
341.545
340.065
341.545
337.631
344.25
344.107
344.25
344.25
344.25
344.25
344.25
344.25
344.25
346.768
348.735
341.885
342.555
344.533
342.056
338.832
338.832
334.709
338.832
336.961
338.832
331.902
342.52
328.779
339.831
331.934
331.934
326.14
326.14
314.417
314.417
314.417
315.805
321.304
321.304
321.304
321.304
321.304
321.083
321.304
320.59
319.481
319.481
319.481
319.481
319.481
319.481
324.457
323.281
323.281
321.29
321.29
321.693
321.693
321.693
320.221
320.221
323.002
320.221
321.397
320.263
319.025
313.874
319.609
313.206
313.106
312.896
312.808
313.711
314.005
313.43
313.695
313.695
310.315
310.315
310.315
310.315
310.315
313.206
308.841
308.841
311.425
307.498
310.839
310.839
310.839
310.27
309.814
308.287
306.109
306.109
306.109
306.109
307.949
308.143
308.143
305.099
303.832
303.832
303.832
303.832
306.748
306.748
306.748
306.748
306.748
303.751
307.007
307.007
307.007
307.007
307.007
302.381
307.007
307.007
302.381
302.381
302.381
302.381
302.381
306.527
302.381
302.381
302.381
302.381
306.085
302.381
302.381
304.263
304.263
306.085
306.085
304.385
304.385
307.587
304.419
301.021
304.419
306.085
306.361
306.361
304.693
304.693
304.693
307.587
306.48
305.004
305.004
306.648
306.648
301.567
301.567
306.648
306.648
306.648
306.648
306.648
306.648
306.648
306.648
306.648
304.995
304.995
304.995
306.303
306.303
306.303
306.303
302.381
302.381
302.381
306.303
303.397
303.397
303.397
309.246
308.812
307.147
307.147
307.147
309.918
302.099
302.099
304.419
307.456
307.456
307.456
307.456
307.303
307.456
307.456
306.886
307.456
306.02
305.802
306.02
306.02
306.02
305.042
305.042
302.099
301.174
304.149
304.149
303.816
303.816
305.042
305.661
305.802
305.802
301.919
305.802
305.802
300.089
300.089
302.989
302.989
302.989
302.989
302.989
303.221
303.221
303.221
303.221
303.221
301.999
301.999
301.999
301.999
301.999
301.999
301.999
302.782
302.782
302.133
301.435
301.435
301.435
300.801
299.575
299.575
299.454
299.454
299.454
299.454
299.454
299.454
299.454
299.454
298.571
299.797
299.797
299.311
298.571
299.311
298.45
298.45
298.45
298.45
298.45
298.085
296.897
296.897
296.776
298.085
297.758
297.758
297.394
297.758
298.085
297.924
297.394
296.192
296.192
297.394
297.394
297.394
297.394
297.758
297.758
297.394
297.394
297.394
297.394
297.387
297.387
297.342
297.124
297.124
296.161
296.161
296.161
296.161
296.161
296.116
296.161
296.116
296.116
296.116
296.116
296.116
296.43
296.116
296.116
296.116
296.116
296.116
296.116
296.116
296.116
296.116
296.116
296.116
296.116
296.116
296.116
296.116
296.116
296.116
296.116
296.116
296.116
296.116
296.116
296.116
296.116
296.116
295.706
296.116
296.116
296.116
296.116
293.939
296.116
296.116
296.116
296.116
293.989
296.116
296.116
296.116
296.116
296.116
296.116
296.116
296.116
296.116
296.116
296.116
296.116
296.116
296.116
296.116
296.116
293.879
296.116
296.116
296.48
296.116
296.116
296.116
296.116
296.116
296.116
294.026
296.116
293.939
293.939
296.116
296.116
293.939
293.939
293.939
293.989
294.914
294.914
294.914
294.914
294.914
294.914
294.914
294.914
294.218
293.688
293.688
293.688
293.688
293.688
293.688
293.688
293.688
293.688
293.688
293.688
293.688
293.688
293.688
293.688
293.688
293.688
293.688
293.688
293.688
293.688
293.688
293.688
293.688
293.688
293.688
293.688
293.688
293.688
293.688
293.688
293.688
292.098
292.098
292.098
292.098
293.688
293.688
293.688
293.688
293.688
293.688
293.688
293.688
293.688
293.688
293.688
293.688
293.688
293.688
293.688
293.688
293.247
293.688
293.688
294.218
293.688
293.688
293.688
293.688
293.688
293.688
293.688
293.688
293.688
293.688
293.688
291.511
293.688
293.688
293.688
293.688
293.688
293.688
293.688
293.688
293.688
292.551
292.551
292.551
292.551
293.688
293.688
293.688
293.688
293.688
293.688
293.688
293.688
293.688
293.688
293.688
293.688
293.688
293.688
293.688
293.688
293.688
293.688
293.688
293.688
293.688
293.027
293.027
293.688
293.87
293.688
293.688
293.688
293.87
293.688
293.688
293.688
293.688
293.688
293.688
293.688
293.688
293.688
293.688
293.688
293.688
293.688
293.688
293.688
293.629
293.688
293.87
293.87
293.87
293.87
293.87
293.87
293.029
293.029
293.029
293.029
293.029
293.029
293.029
293.029
293.029
293.029
293.029
293.029
293.029
293.029
293.029
293.029
293.029
293.029
293.029
293.029
293.029
293.029
293.029
293.029
293.029
293.029
293.029
293.029
293.029
293.029
293.029
293.029
293.029
293.029
293.029
293.029
293.029
293.029
293.029
293.029
293.029
293.029
293.029
293.029
293.029
293.029
293.029
293.029
293.029
293.029
293.029
293.029
293.029
293.029
293.029
293.029
293.029
293.029
293.029
293.029
293.029
293.029
293.029
293.029
293.029
293.029
293.029
293.029
293.029
293.029
293.029
293.029
293.029
293.029
293.029
293.029
293.029
293.029
293.029
293.029
293.029
293.029
293.029
293.029
293.029
293.029
293.029
293.029
293.029
293.029
293.029
293.029
293.029
293.029
293.029
293.029
293.029
293.029
290.612
290.612
290.612
290.612
290.612
290.612
290.612
290.612
290.612
290.612
290.612
290.612
290.612
290.612
290.612
290.612
290.612
290.612
290.612
290.612
290.612
290.612
290.612
290.612
290.612
290.612
290.612
290.612
290.612
290.612
289.325
290.612
290.612
290.612
290.612
290.612
290.612
290.612
290.612
290.612
290.612
290.612
290.612
290.612
290.612
290.612
290.612
290.612
290.612
290.612
290.612
290.612
290.612
290.612
290.612
290.612
290.612
290.612
290.612
290.612
290.612
290.612
290.612
290.612
290.612
290.612
290.612
290.612
290.612
290.612
290.612
290.612
290.612
290.612
290.612
290.612
290.612
290.612
290.612
290.612
290.612
290.612
290.612
290.612
290.612
290.612
290.612
290.612
290.612
290.612
290.612
290.612
290.612
288.769
288.769
288.769
288.769
288.769
290.612
290.612
290.612
290.612
290.612
290.612
290.612
290.612
290.612
290.612
290.612
290.612
290.612
290.612
290.612
289.233
289.233
289.233
289.233
289.233
289.233
289.233
289.233
289.233
289.233
289.233
289.233
289.233
289.233
289.233
289.233
289.233
289.233
289.233
289.233
289.233
289.233
289.233
289.233
289.233
289.016
289.233
289.233
289.233
289.233
289.233
289.233
289.233
289.233
289.233
289.233
289.233
289.233
289.233
289.233
289.233
289.233
289.233
289.233
289.233
289.233
289.233
289.233
289.233
289.233
289.233
289.233
