266.592
262.499
258.985
248.623
243.747
233.958
237.446
228.245
227.526
222.682
230.236
219.561
219.561
220.573
216.707
201.952
194.079
203.249
207.275
204.6
181.581
181.581
181.581
187.489
183.282
190.288
173.933
173.933
165.922
167.809
167.654
159.422
159.422
159.422
159.422
152.864
152.864
152.864
151.484
148.89
142.959
140.694
139.901
138.002
138.002
135.02
134.695
134.695
133.662
133.403
131.527
131.397
125.466
129.697
130.784
129.634
128.667
128.667
128.667
127.864
127.864
127.864
127.864
127.864
127.864
127.864
127.864
127.864
127.864
127.864
127.864
127.864
127.864
127.864
127.864
127.864
127.864
127.864
127.864
127.864
128.667
127.864
127.864
127.864
127.864
127.864
127.864
127.864
127.864
127.864
127.864
127.864
127.864
127.864
127.864
127.864
127.864
127.7
127.7
127.7
127.7
127.7
127.7
127.7
127.7
127.7
127.7
127.7
128.223
127.7
127.7
127.7
127.7
127.7
128.346
127.7
127.7
128.301
127.843
127.843
127.843
127.155
127.155
127.155
127.155
127.155
126.728
122.521
122.521
122.521
122.521
119.457
119.457
119.292
119.292
119.292
118.655
118.655
118.655
119.292
119.292
118.49
118.49
118.49
118.49
118.621
118.49
118.49
117.819
117.819
117.819
117.819
117.819
117.819
117.819
115.685
115.685
115.685
114.996
114.996
114.996
114.882
114.996
114.882
114.882
114.996
114.194
114.194
114.194
114.194
114.194
114.194
114.996
114.996
114.996
114.996
114.194
114.194
114.766
114.766
114.194
113.16
113.16
113.16
112.357
113.16
112.357
112.357
112.357
113.16
113.16
112.357
112.357
112.357
112.357
112.357
112.357
112.357
112.357
113.16
113.16
112.357
112.357
112.357
112.357
112.357
112.357
112.357
112.357
112.357
112.357
112.357
113.16
113.16
112.357
112.357
112.357
112.357
112.357
112.357
112.357
112.357
112.357
112.357
112.357
112.357
113.16
112.357
113.16
113.16
113.16
112.357
112.357
112.357
112.357
112.357
112.357
112.357
112.357
112.357
112.357
112.357
113.16
112.357
112.357
112.357
112.357
112.357
112.357
112.357
112.357
112.357
112.357
112.357
112.357
112.357
112.357
112.357
112.357
112.357
112.357
112.357
112.357
112.357
112.357
112.357
112.357
112.357
112.357
112.357
113.16
112.357
112.357
112.357
112.357
112.357
112.357
112.357
112.357
112.357
112.357
112.357
112.357
112.357
112.357
113.16
113.16
112.357
112.357
112.357
112.357
112.357
112.357
112.357
112.357
113.16
113.16
112.357
112.357
113.16
113.16
112.357
112.357
112.357
112.357
112.357
112.357
112.357
112.357
112.357
112.357
112.357
112.357
112.357
112.357
112.357
112.357
112.357
113.16
112.357
112.357
112.357
112.357
112.357
112.357
112.357
112.357
112.357
112.357
112.357
112.357
112.357
112.357
112.357
112.357
112.357
112.357
112.357
112.357
112.357
112.357
112.357
112.357
112.357
112.357
112.357
112.357
112.357
112.357
112.357
112.357
113.16
112.357
112.357
113.16
112.357
112.357
112.357
112.357
112.357
112.357
112.357
112.357
112.357
112.357
112.357
112.357
112.357
112.357
112.357
112.357
112.357
112.357
112.357
112.357
112.357
112.357
112.357
112.357
112.357
112.357
112.357
112.357
112.357
113.16
113.16
112.357
112.357
112.357
113.16
113.16
113.16
113.16
112.357
112.357
112.357
112.357
112.357
112.357
112.357
112.357
112.357
112.357
112.357
112.357
112.357
112.357
112.357
112.357
112.357
112.357
112.357
112.357
112.357
112.357
112.357
112.357
112.357
112.357
112.357
112.357
113.16
113.16
112.357
112.357
112.357
112.357
112.357
112.357
112.357
112.357
112.357
112.357
112.357
112.357
113.16
112.357
112.357
112.357
113.16
112.357
112.357
112.357
112.357
112.357
112.357
112.357
112.357
112.357
112.357
112.357
112.357
112.357
112.357
113.16
112.357
112.357
112.357
112.357
112.357
112.357
112.357
113.16
112.357
112.357
112.357
112.357
112.357
112.357
112.357
112.357
112.357
112.357
112.357
112.357
112.357
112.357
113.16
112.357
112.357
113.16
112.357
112.357
112.357
112.357
112.357
112.357
112.357
112.357
112.357
112.357
112.357
112.357
112.357
112.357
112.357
112.357
113.16
112.357
112.357
113.16
112.357
112.357
112.357
112.357
112.357
112.357
112.357
112.357
112.357
112.357
112.357
112.357
112.357
113.16
112.357
112.357
112.357
112.357
112.357
112.357
112.357
112.357
112.357
112.357
112.357
112.357
112.357
112.357
112.357
112.357
112.357
112.357
112.357
112.357
112.357
112.357
112.357
112.357
113.16
112.357
112.357
112.357
112.357
112.357
112.357
112.357
112.357
113.16
112.357
112.357
112.357
112.357
112.357
113.16
112.357
112.357
113.16
113.16
112.357
112.357
112.357
113.16
112.357
112.357
112.357
112.357
112.357
112.357
112.357
112.357
113.16
112.357
112.357
112.357
112.357
112.357
112.357
112.357
113.16
113.16
113.16
112.357
112.357
112.357
112.357
112.357
112.357
112.357
112.357
112.357
113.16
112.357
112.357
112.357
112.357
112.357
112.357
112.357
112.357
112.357
112.357
112.357
113.16
112.357
112.357
112.357
112.357
113.16
112.357
112.357
112.357
112.357
112.357
112.357
112.357
112.357
112.357
112.357
112.357
112.357
113.16
113.16
112.357
112.357
112.357
112.357
113.16
112.357
112.357
112.357
112.357
112.357
112.357
112.357
112.357
112.357
112.357
112.357
112.357
112.357
112.357
112.357
112.357
112.357
113.16
112.357
112.357
112.357
112.357
112.357
113.16
112.357
112.357
112.357
112.357
112.357
112.357
113.16
113.16
112.357
112.357
112.357
112.357
112.357
112.357
112.357
113.16
112.357
112.357
112.357
112.357
112.357
112.357
112.357
112.357
112.357
112.357
112.357
112.357
112.357
112.357
112.357
112.357
113.16
113.16
113.16
112.357
112.357
112.357
112.357
112.357
112.357
113.16
112.357
112.357
112.357
112.357
112.357
112.357
112.357
112.357
112.357
113.16
112.357
112.357
113.16
112.357
112.357
112.357
112.357
112.357
112.357
112.357
112.357
112.357
112.357
112.357
112.357
112.357
112.357
112.357
113.16
113.16
112.357
112.357
112.357
112.357
112.357
112.357
112.357
112.357
112.357
112.357
112.357
112.357
112.357
112.357
112.357
112.357
112.357
112.357
112.357
112.357
112.357
112.357
112.357
112.357
112.357
112.357
113.16
113.16
112.357
112.357
112.357
113.16
112.357
112.357
112.357
112.357
112.357
112.357
112.357
112.357
112.357
112.357
112.357
112.357
112.357
112.357
113.16
113.16
113.16
112.357
112.357
113.16
113.16
113.16
113.16
113.16
113.16
112.357
112.357
112.357
112.357
112.357
112.357
112.357
112.357
112.357
112.357
112.357
112.357
112.357
112.357
112.357
112.357
113.16
113.16
113.16
112.357
113.16
112.357
112.357
112.357
112.357
112.357
112.357
112.357
112.357
112.357
112.357
112.357
112.357
112.357
112.357
112.357
112.357
112.357
112.357
112.357
112.357
112.357
112.357
112.357
112.357
112.357
112.357
113.16
112.357
112.357
112.357
112.357
113.16
113.16
113.16
112.357
112.357
112.357
112.357
112.357
112.357
112.357
112.357
112.357
112.357
112.357
112.357
112.357
112.357
113.16
113.16
113.16
112.357
112.357
112.357
113.16
113.16
113.16
113.16
113.16
113.16
113.16
113.16
112.357
112.357
112.357
112.357
112.357
112.357
112.357
112.357
113.16
113.16
112.357
113.16
113.16
113.16
113.16
113.16
112.357
112.357
113.16
113.16
113.16
112.357
112.357
113.16
112.357
112.357
113.16
113.16
112.357
112.357
112.357
113.16
112.357
112.357
113.16
113.16
112.357
112.357
112.357
112.357
112.357
112.357
112.357
112.357
112.357
112.357
112.357
113.16
113.16
113.16
113.16
113.16
112.357
112.357
112.357
112.357
112.357
113.16
112.357
112.357
112.357
113.16
112.357
112.357
112.357
112.357
113.16
112.357
112.357
112.357
112.357
112.357
112.357
112.357
112.357
112.357
112.357
112.357
112.357
112.357
112.357
113.16
112.357
112.357
112.357
112.357
113.16
112.357
112.357
112.357
112.357
113.16
112.357
112.357
112.357
112.357
112.357
112.357
112.357
112.357
112.357
112.357
112.357
112.357
112.357
112.357
113.16
113.16
113.16
113.16
112.357
113.16
113.16
113.16
112.357
113.16
112.357
113.16
113.16
112.357
112.357
113.16
113.16
112.357
112.357
112.357
112.357
112.357
112.357
113.16
113.16
112.357
113.16
112.357
112.357
112.357
