305.551
317.05
285.204
281.966
272.692
254.114
239.775
256.418
234.962
227.49
213.797
213.797
205.077
213.242
209.96
195.59
185.008
175.878
175.878
173.122
173.122
171.318
172.247
172.102
159.969
159.86
159.86
157.026
145.47
145.47
141.746
134.488
134.488
134.488
134.488
134.14
128.234
128.234
128.234
126.212
121.822
121.185
118.907
118.713
116.912
111.288
109.519
108.461
108.461
104.088
104.07
104.07
104.07
103.526
104.053
103.903
101.757
101.757
101.739
100.975
100.975
100.809
100.674
100.674
100.674
100.674
100.674
100.674
100.674
100.674
98.6081
98.6081
100.674
100.525
100.525
100.525
100.809
100.809
100.809
100.809
100.809
100.809
100.809
100.809
100.809
100.809
100.809
95.6592
100.809
100.809
100.708
100.708
100.708
100.454
100.454
100.454
100.454
100.454
100.454
100.454
100.454
100.454
100.454
100.454
100.454
100.454
100.454
100.454
100.454
100.454
100.454
100.454
100.169
100.169
100.169
100.169
100.169
100.169
100.169
100.169
100.169
100.169
100.169
100.169
100.169
100.169
100.169
95.0196
98.8202
98.8202
98.8202
98.8202
98.8202
98.8202
98.8202
98.8202
98.8202
95.4163
95.4163
95.4163
94.4526
94.79
94.5365
94.5365
94.5365
94.5365
94.4526
94.4526
94.4526
94.4526
94.4526
94.4526
91.4168
91.4168
90.9668
90.9668
90.9668
90.9668
90.9668
90.9668
90.9668
90.9668
90.9668
90.9668
90.9668
90.9668
90.9668
90.9668
90.9668
90.9668
90.9668
90.9668
90.9668
90.9668
90.9668
87.8729
87.8729
87.8729
87.8729
87.7784
87.7784
87.7784
87.7784
82.6286
87.7784
87.7784
87.7784
87.7784
87.7784
87.7784
87.7784
87.7784
87.7784
87.7784
87.7784
87.7784
87.7784
87.7784
82.6286
82.6286
82.6286
82.6286
82.6286
82.544
82.544
82.544
82.544
82.544
82.544
82.544
82.544
82.544
82.544
74.3283
74.3283
74.3283
74.3283
74.3283
74.3283
74.3283
74.3283
74.3283
74.3283
74.3283
74.3283
74.3283
74.3283
74.3283
74.3283
74.3283
74.3283
71.8232
74.3283
74.3283
74.3283
74.3283
74.3283
74.3283
70.9378
70.9378
70.9378
70.9378
70.9378
70.9378
70.9378
70.9378
68.4326
70.8653
68.4326
68.4326
68.4326
68.4326
68.3601
68.3601
68.3601
68.4326
68.3601
68.3601
68.3601
68.3601
68.3601
68.3601
68.3601
68.3601
68.3601
68.3601
68.3601
68.3601
68.3601
68.3176
68.3176
68.3176
68.3176
68.3176
68.3176
68.3176
68.3176
68.3176
68.3176
68.3176
66.9683
66.9683
66.9683
66.9683
66.9683
66.9683
66.9683
69.516
69.516
69.516
69.516
69.516
69.516
69.516
67.0109
67.0109
67.0109
67.0109
67.0109
66.9683
66.9683
66.9683
69.516
69.516
69.516
69.516
69.516
69.516
69.516
69.516
69.516
69.516
69.516
69.516
69.516
69.516
69.516
69.516
69.516
69.516
69.516
69.516
69.516
69.516
69.516
69.516
69.516
69.516
67.0109
69.516
69.516
69.516
67.0109
69.516
69.516
69.516
69.516
69.516
69.516
69.516
69.516
69.516
69.516
69.516
69.516
69.516
69.516
69.516
69.516
69.516
69.516
69.516
69.516
69.516
69.516
69.516
69.516
69.516
69.516
69.516
69.516
69.516
69.516
69.516
69.516
69.516
69.516
69.516
69.516
69.516
69.516
69.516
69.516
69.516
69.516
69.516
67.0109
67.0109
67.0109
66.9683
66.9683
66.9683
66.9683
66.9683
66.9683
66.9683
66.9683
66.9683
66.9683
66.9683
66.9683
66.9683
66.9683
66.9683
66.9683
66.9683
66.9683
66.9683
66.9683
66.9683
66.9683
66.9683
66.9683
66.9683
66.9683
66.9683
66.9683
66.9683
66.9683
66.9683
66.9683
66.9683
66.9683
66.9683
66.9683
66.9683
66.9683
66.9683
66.9683
66.9683
66.9683
66.9683
66.9683
66.9683
66.9683
66.9683
66.9683
66.9683
66.9683
66.9683
66.9683
66.9683
66.9683
66.9683
66.9683
66.9683
66.9683
66.9683
66.9683
66.9683
66.9683
66.9683
66.9683
66.9683
66.9683
62.4305
62.4305
66.9683
66.9683
66.9683
66.9683
66.9683
66.9683
66.9683
66.9683
66.9683
66.9683
66.9683
66.9683
66.9683
66.9683
66.9683
66.9683
66.9683
66.9683
66.9683
66.9683
66.9683
66.9683
66.9683
66.9683
66.9683
66.9683
66.9683
66.9683
66.9683
66.9683
66.9683
66.9683
66.9683
66.9683
66.9683
66.9683
62.4305
66.9683
66.9683
66.9683
66.9683
66.9683
66.9683
66.9683
66.9683
66.9683
66.9683
66.9683
66.9683
66.9683
66.9683
66.9683
66.9683
66.9683
62.4305
62.4305
62.4305
62.4305
62.4305
62.4305
62.4305
62.4305
62.4305
62.4305
62.4305
62.4305
66.9683
66.9683
66.9683
66.9683
66.9683
66.9683
66.9683
66.9683
66.9683
66.9683
66.9683
66.9683
66.9683
66.9683
66.9683
66.9683
66.9683
66.9683
66.9683
66.9683
66.9683
66.9683
66.9683
66.9683
66.9683
66.9683
66.9683
66.9683
66.9683
66.9683
66.9683
66.9683
66.9683
66.9683
66.9683
66.9683
66.9683
66.9683
66.9683
66.9683
66.9683
66.9683
66.9683
66.9683
62.4305
62.4305
66.9683
66.9683
66.9683
66.9683
66.9683
66.9683
66.9683
66.9683
66.9683
66.9683
66.9683
66.9683
66.9683
66.9683
66.9683
66.9683
66.9683
66.9683
66.9683
66.9683
66.9683
66.9683
66.9683
66.9683
66.9683
66.9683
66.9683
66.9683
66.9683
66.9683
66.9683
66.9683
66.9683
66.9683
66.9683
66.9683
66.9683
66.9683
66.9683
66.9683
66.9683
66.9683
66.9683
66.9683
66.9683
66.9683
66.9683
66.9683
66.9683
66.9683
66.9683
66.9683
66.9683
66.9683
66.9683
66.9683
66.9683
66.9683
66.9683
66.9683
66.9683
66.9683
66.9683
66.9683
66.9683
66.9683
66.9683
66.9683
66.9683
66.9683
66.9683
66.9683
66.9683
66.9683
66.9683
66.9683
66.9683
66.9683
66.9683
66.9683
62.4305
62.4305
62.4305
66.9683
66.9683
66.9683
66.9683
66.9683
66.9683
66.9683
66.9683
66.9683
66.9683
66.9683
66.9683
66.9683
66.9683
66.9683
66.9683
66.9683
66.9683
66.9683
66.9683
66.9683
66.9683
66.9683
66.9683
66.9683
66.9683
66.9683
66.9683
66.9683
66.9683
66.9683
66.9683
66.9683
66.9683
66.9683
66.9683
66.9683
66.9683
66.9683
62.4305
62.4305
62.4305
62.4305
66.9683
66.9683
66.9683
66.9683
66.9683
66.9683
66.9683
66.9683
66.9683
66.9683
66.9683
66.9683
66.9683
66.9683
66.9683
66.9683
66.9683
66.9683
66.9683
66.9683
66.9683
66.9683
66.9683
66.9683
66.9683
66.9683
62.4305
66.9683
66.9683
66.9683
66.9683
66.9683
66.9683
66.9683
66.9683
66.9683
66.9683
66.9683
66.9683
66.9683
66.9683
66.9683
66.9683
66.9683
66.9683
66.9683
66.9683
66.9683
66.9683
62.4305
62.4305
62.4305
66.9683
66.9683
62.4305
66.9683
66.9683
66.9683
66.9683
66.9683
66.9683
66.9683
66.9683
66.9683
66.9683
66.9683
66.9683
66.9683
66.9683
66.9683
66.9683
66.9683
66.9683
66.9683
66.9683
66.9683
66.9683
66.9683
66.9683
66.9683
66.9683
66.9683
66.9683
62.4305
62.4305
62.4305
62.4305
66.9683
66.9683
66.9683
66.9683
66.9683
62.4305
66.9683
66.9683
66.9683
66.9683
66.9683
66.9683
66.9683
66.9683
66.9683
66.9683
66.9683
66.9683
66.9683
66.9683
66.9683
66.9683
66.9683
66.9683
66.9683
66.9683
66.9683
66.9683
66.9683
66.9683
66.9683
66.9683
66.9683
66.9683
66.9683
66.9683
66.9683
66.9683
66.9683
66.9683
62.4305
62.4305
62.4305
66.9683
66.9683
66.9683
66.9683
66.9683
66.9683
66.9683
66.9683
66.9683
66.9683
66.9683
66.9683
66.9683
66.9683
66.9683
66.9683
66.9683
66.9683
66.9683
66.9683
66.9683
66.9683
66.9683
66.9683
66.9683
66.9683
66.9683
66.9683
66.9683
66.9683
66.9683
66.9683
66.9683
66.9683
66.9683
66.9683
66.9683
66.9683
66.9683
66.9683
66.9683
66.9683
66.9683
66.9683
66.9683
66.9683
66.9683
66.9683
66.9683
66.9683
66.9683
66.9683
66.9683
66.9683
66.9683
66.9683
66.9683
66.9683
66.9683
66.9683
66.9683
66.9683
66.9683
66.9683
66.9683
66.9683
66.9683
66.9683
66.9683
66.9683
66.9683
66.9683
66.9683
66.9683
66.9683
66.9683
66.9683
66.9683
66.9683
66.9683
62.4305
62.4305
66.9683
66.9683
62.4305
66.9683
66.9683
66.9683
66.9683
66.9683
66.9683
66.9683
66.9683
66.9683
66.9683
66.9683
62.4305
62.4305
66.9683
66.9683
66.9683
66.9683
66.9683
66.9683
66.9683
66.9683
66.9683
66.9683
66.9683
66.9683
66.9683
66.9683
66.9683
66.9683
66.9683
66.9683
66.9683
66.9683
66.9683
66.9683
66.9683
66.9683
66.9683
66.9683
66.9683
66.9683
66.9683
66.9683
66.9683
66.9683
66.9683
66.9683
66.9683
66.9683
66.9683
66.9683
66.9683
66.9683
66.9683
66.9683
66.9683
66.9683
66.9683
66.9683
66.9683
66.9683
66.9683
66.9683
66.9683
66.9683
66.9683
66.9683
66.9683
66.9683
66.9683
66.9683
66.9683
66.9683
66.9683
66.9683
66.9683
66.9683
66.9683
66.9683
66.9683
66.9683
66.9683
66.9683
66.9683
66.9683
62.4305
62.4305
66.9683
66.9683
66.9683
66.9683
66.9683
66.9683
66.9683
66.9683
66.9683
66.9683
66.9683
66.9683
66.9683
