Generation 1
Best distance: 795.583
Best path:
-86.3006 32.3777
-81.6123 38.3362
-84.8754 38.1867
-76.8836 40.2644
-97.5033 35.4922
-90.1821 32.3038
-71.538 43.2069
-69.7817 44.3072
-71.0637 42.3582
-76.4909 38.9788
-86.7842 36.1658
-77.4336 37.5389
-72.6822 41.764
-84.5553 42.7336
-78.6391 35.7804
-122.905 47.0358
-123.03 44.9385
-100.783 46.8209
-92.1729 38.5792
-75.5197 39.1573
-97.7403 30.2747
-89.3844 43.0747
-96.6997 40.8081
-84.2813 30.4381
-89.655 39.7984
-104.985 39.7392
-112.018 46.5857
-82.9991 39.9613
-100.346 44.367
-111.888 40.7775
-121.494 38.5767
-105.94 35.6822
-91.1874 30.4571
-112.097 33.4481
-92.289 34.7466
-93.1022 44.9551
-81.0332 34.0003
-84.3882 33.749
-93.6037 41.5911
-74.7699 40.2206
-86.1626 39.7686
-72.5805 44.2624
-71.415 41.8309
-95.678 39.0482
-73.7579 42.6528
-116.2 43.6178
-157.857 21.3074
-134.42 58.3016
-119.766 39.1639
-86.3006 32.3777

Generation 10
Best distance: 688.696
Best path:
-86.3006 32.3777
-112.097 33.4481
-92.1729 38.5792
-97.7403 30.2747
-89.655 39.7984
-69.7817 44.3072
-72.5805 44.2624
-100.346 44.367
-119.766 39.1639
-105.94 35.6822
-121.494 38.5767
-116.2 43.6178
-134.42 58.3016
-123.03 44.9385
-95.678 39.0482
-93.6037 41.5911
-100.783 46.8209
-73.7579 42.6528
-71.415 41.8309
-84.3882 33.749
-81.0332 34.0003
-86.1626 39.7686
-71.538 43.2069
-89.3844 43.0747
-111.888 40.7775
-93.1022 44.9551
-78.6391 35.7804
-71.0637 42.3582
-76.4909 38.9788
-75.5197 39.1573
-96.6997 40.8081
-97.5033 35.4922
-104.985 39.7392
-157.857 21.3074
-122.905 47.0358
-112.018 46.5857
-72.6822 41.764
-74.7699 40.2206
-84.5553 42.7336
-86.7842 36.1658
-91.1874 30.4571
-82.9991 39.9613
-77.4336 37.5389
-76.8836 40.2644
-81.6123 38.3362
-84.8754 38.1867
-90.1821 32.3038
-92.289 34.7466
-84.2813 30.4381
-86.3006 32.3777

Generation 20
Best distance: 625.191
Best path:
-86.3006 32.3777
-86.1626 39.7686
-71.415 41.8309
-71.0637 42.3582
-76.8836 40.2644
-71.538 43.2069
-72.6822 41.764
-112.097 33.4481
-157.857 21.3074
-134.42 58.3016
-111.888 40.7775
-119.766 39.1639
-121.494 38.5767
-122.905 47.0358
-123.03 44.9385
-97.7403 30.2747
-82.9991 39.9613
-84.8754 38.1867
-97.5033 35.4922
-90.1821 32.3038
-89.655 39.7984
-104.985 39.7392
-112.018 46.5857
-105.94 35.6822
-116.2 43.6178
-92.1729 38.5792
-81.0332 34.0003
-92.289 34.7466
-91.1874 30.4571
-89.3844 43.0747
-75.5197 39.1573
-73.7579 42.6528
-74.7699 40.2206
-84.5553 42.7336
-78.6391 35.7804
-84.3882 33.749
-72.5805 44.2624
-76.4909 38.9788
-86.7842 36.1658
-81.6123 38.3362
-77.4336 37.5389
-100.783 46.8209
-69.7817 44.3072
-84.2813 30.4381
-96.6997 40.8081
-93.6037 41.5911
-93.1022 44.9551
-100.346 44.367
-95.678 39.0482
-86.3006 32.3777

Generation 30
Best distance: 599.131
Best path:
-86.3006 32.3777
-105.94 35.6822
-97.7403 30.2747
-91.1874 30.4571
-104.985 39.7392
-100.346 44.367
-97.5033 35.4922
-90.1821 32.3038
-93.6037 41.5911
-96.6997 40.8081
-100.783 46.8209
-116.2 43.6178
-111.888 40.7775
-119.766 39.1639
-121.494 38.5767
-92.1729 38.5792
-92.289 34.7466
-89.655 39.7984
-84.5553 42.7336
-72.6822 41.764
-86.7842 36.1658
-93.1022 44.9551
-72.5805 44.2624
-75.5197 39.1573
-71.0637 42.3582
-76.8836 40.2644
-81.6123 38.3362
-77.4336 37.5389
-82.9991 39.9613
-74.7699 40.2206
-86.1626 39.7686
-71.415 41.8309
-78.6391 35.7804
-84.8754 38.1867
-84.2813 30.4381
-69.7817 44.3072
-76.4909 38.9788
-71.538 43.2069
-84.3882 33.749
-73.7579 42.6528
-81.0332 34.0003
-89.3844 43.0747
-95.678 39.0482
-112.097 33.4481
-134.42 58.3016
-157.857 21.3074
-122.905 47.0358
-123.03 44.9385
-112.018 46.5857
-86.3006 32.3777

Generation 40
Best distance: 553.079
Best path:
-86.3006 32.3777
-96.6997 40.8081
-93.6037 41.5911
-97.7403 30.2747
-84.8754 38.1867
-81.0332 34.0003
-78.6391 35.7804
-71.0637 42.3582
-69.7817 44.3072
-82.9991 39.9613
-72.5805 44.2624
-86.7842 36.1658
-75.5197 39.1573
-86.1626 39.7686
-76.4909 38.9788
-73.7579 42.6528
-74.7699 40.2206
-71.538 43.2069
-72.6822 41.764
-77.4336 37.5389
-71.415 41.8309
-81.6123 38.3362
-89.3844 43.0747
-89.655 39.7984
-100.346 44.367
-76.8836 40.2644
-84.3882 33.749
-84.5553 42.7336
-92.289 34.7466
-97.5033 35.4922
-100.783 46.8209
-93.1022 44.9551
-104.985 39.7392
-92.1729 38.5792
-112.018 46.5857
-134.42 58.3016
-123.03 44.9385
-122.905 47.0358
-157.857 21.3074
-112.097 33.4481
-105.94 35.6822
-95.678 39.0482
-111.888 40.7775
-119.766 39.1639
-121.494 38.5767
-116.2 43.6178
-90.1821 32.3038
-91.1874 30.4571
-84.2813 30.4381
-86.3006 32.3777

Generation 50
Best distance: 531.131
Best path:
-86.3006 32.3777
-75.5197 39.1573
-73.7579 42.6528
-69.7817 44.3072
-82.9991 39.9613
-97.7403 30.2747
-97.5033 35.4922
-92.1729 38.5792
-93.6037 41.5911
-100.783 46.8209
-111.888 40.7775
-112.097 33.4481
-157.857 21.3074
-134.42 58.3016
-119.766 39.1639
-121.494 38.5767
-122.905 47.0358
-123.03 44.9385
-112.018 46.5857
-95.678 39.0482
-78.6391 35.7804
-81.0332 34.0003
-86.1626 39.7686
-86.7842 36.1658
-84.3882 33.749
-84.2813 30.4381
-91.1874 30.4571
-90.1821 32.3038
-92.289 34.7466
-81.6123 38.3362
-76.4909 38.9788
-71.0637 42.3582
-72.5805 44.2624
-74.7699 40.2206
-71.538 43.2069
-72.6822 41.764
-77.4336 37.5389
-71.415 41.8309
-89.3844 43.0747
-89.655 39.7984
-93.1022 44.9551
-96.6997 40.8081
-100.346 44.367
-76.8836 40.2644
-84.5553 42.7336
-105.94 35.6822
-84.8754 38.1867
-104.985 39.7392
-116.2 43.6178
-86.3006 32.3777

Generation 60
Best distance: 498.607
Best path:
-86.3006 32.3777
-84.8754 38.1867
-84.3882 33.749
-91.1874 30.4571
-105.94 35.6822
-89.3844 43.0747
-96.6997 40.8081
-100.783 46.8209
-95.678 39.0482
-89.655 39.7984
-92.1729 38.5792
-116.2 43.6178
-119.766 39.1639
-121.494 38.5767
-122.905 47.0358
-123.03 44.9385
-134.42 58.3016
-157.857 21.3074
-112.097 33.4481
-112.018 46.5857
-111.888 40.7775
-104.985 39.7392
-72.5805 44.2624
-77.4336 37.5389
-82.9991 39.9613
-81.0332 34.0003
-81.6123 38.3362
-97.5033 35.4922
-97.7403 30.2747
-93.6037 41.5911
-86.1626 39.7686
-76.8836 40.2644
-73.7579 42.6528
-69.7817 44.3072
-71.415 41.8309
-72.6822 41.764
-71.538 43.2069
-76.4909 38.9788
-75.5197 39.1573
-74.7699 40.2206
-78.6391 35.7804
-71.0637 42.3582
-100.346 44.367
-93.1022 44.9551
-84.2813 30.4381
-84.5553 42.7336
-92.289 34.7466
-90.1821 32.3038
-86.7842 36.1658
-86.3006 32.3777

Generation 70
Best distance: 488.267
Best path:
-86.3006 32.3777
-90.1821 32.3038
-93.1022 44.9551
-89.3844 43.0747
-71.538 43.2069
-74.7699 40.2206
-77.4336 37.5389
-75.5197 39.1573
-86.7842 36.1658
-91.1874 30.4571
-81.6123 38.3362
-81.0332 34.0003
-82.9991 39.9613
-78.6391 35.7804
-84.2813 30.4381
-84.3882 33.749
-84.5553 42.7336
-84.8754 38.1867
-95.678 39.0482
-89.655 39.7984
-86.1626 39.7686
-72.6822 41.764
-71.415 41.8309
-69.7817 44.3072
-73.7579 42.6528
-76.8836 40.2644
-76.4909 38.9788
-71.0637 42.3582
-72.5805 44.2624
-116.2 43.6178
-112.018 46.5857
-123.03 44.9385
-122.905 47.0358
-121.494 38.5767
-119.766 39.1639
-134.42 58.3016
-157.857 21.3074
-112.097 33.4481
-111.888 40.7775
-92.289 34.7466
-100.783 46.8209
-93.6037 41.5911
-92.1729 38.5792
-97.5033 35.4922
-97.7403 30.2747
-104.985 39.7392
-96.6997 40.8081
-100.346 44.367
-105.94 35.6822
-86.3006 32.3777

Generation 80
Best distance: 474.528
Best path:
-86.3006 32.3777
-84.2813 30.4381
-78.6391 35.7804
-82.9991 39.9613
-81.0332 34.0003
-81.6123 38.3362
-91.1874 30.4571
-77.4336 37.5389
-104.985 39.7392
-111.888 40.7775
-112.018 46.5857
-116.2 43.6178
-119.766 39.1639
-121.494 38.5767
-122.905 47.0358
-123.03 44.9385
-134.42 58.3016
-157.857 21.3074
-112.097 33.4481
-92.1729 38.5792
-100.783 46.8209
-96.6997 40.8081
-92.289 34.7466
-86.7842 36.1658
-95.678 39.0482
-89.655 39.7984
-93.6037 41.5911
-100.346 44.367
-93.1022 44.9551
-84.3882 33.749
-84.5553 42.7336
-84.8754 38.1867
-105.94 35.6822
-86.1626 39.7686
-72.6822 41.764
-71.415 41.8309
-69.7817 44.3072
-73.7579 42.6528
-76.8836 40.2644
-76.4909 38.9788
-72.5805 44.2624
-71.538 43.2069
-71.0637 42.3582
-75.5197 39.1573
-74.7699 40.2206
-89.3844 43.0747
-97.7403 30.2747
-97.5033 35.4922
-90.1821 32.3038
-86.3006 32.3777

Generation 90
Best distance: 444.062
Best path:
-86.3006 32.3777
-91.1874 30.4571
-89.655 39.7984
-92.1729 38.5792
-116.2 43.6178
-112.018 46.5857
-112.097 33.4481
-157.857 21.3074
-134.42 58.3016
-123.03 44.9385
-122.905 47.0358
-121.494 38.5767
-119.766 39.1639
-111.888 40.7775
-100.783 46.8209
-96.6997 40.8081
-84.3882 33.749
-93.6037 41.5911
-104.985 39.7392
-100.346 44.367
-105.94 35.6822
-97.7403 30.2747
-97.5033 35.4922
-92.289 34.7466
-78.6391 35.7804
-82.9991 39.9613
-81.0332 34.0003
-81.6123 38.3362
-84.2813 30.4381
-77.4336 37.5389
-84.8754 38.1867
-84.5553 42.7336
-93.1022 44.9551
-95.678 39.0482
-86.1626 39.7686
-89.3844 43.0747
-69.7817 44.3072
-73.7579 42.6528
-76.8836 40.2644
-76.4909 38.9788
-72.5805 44.2624
-71.538 43.2069
-72.6822 41.764
-71.415 41.8309
-71.0637 42.3582
-75.5197 39.1573
-74.7699 40.2206
-86.7842 36.1658
-90.1821 32.3038
-86.3006 32.3777

Generation 100
Best distance: 436.147
Best path:
-86.3006 32.3777
-84.2813 30.4381
-91.1874 30.4571
-97.5033 35.4922
-86.7842 36.1658
-84.8754 38.1867
-95.678 39.0482
-93.6037 41.5911
-93.1022 44.9551
-82.9991 39.9613
-81.6123 38.3362
-84.3882 33.749
-81.0332 34.0003
-78.6391 35.7804
-90.1821 32.3038
-105.94 35.6822
-96.6997 40.8081
-104.985 39.7392
-111.888 40.7775
-112.018 46.5857
-112.097 33.4481
-157.857 21.3074
-134.42 58.3016
-123.03 44.9385
-122.905 47.0358
-121.494 38.5767
-119.766 39.1639
-116.2 43.6178
-100.783 46.8209
-100.346 44.367
-97.7403 30.2747
-92.289 34.7466
-89.655 39.7984
-77.4336 37.5389
-92.1729 38.5792
-89.3844 43.0747
-86.1626 39.7686
-75.5197 39.1573
-69.7817 44.3072
-71.415 41.8309
-72.6822 41.764
-76.8836 40.2644
-73.7579 42.6528
-84.5553 42.7336
-72.5805 44.2624
-71.0637 42.3582
-71.538 43.2069
-76.4909 38.9788
-74.7699 40.2206
-86.3006 32.3777

Generation 110
Best distance: 407.98
Best path:
-86.3006 32.3777
-84.2813 30.4381
-81.0332 34.0003
-82.9991 39.9613
-84.8754 38.1867
-93.1022 44.9551
-100.346 44.367
-104.985 39.7392
-93.6037 41.5911
-95.678 39.0482
-90.1821 32.3038
-91.1874 30.4571
-97.7403 30.2747
-97.5033 35.4922
-105.94 35.6822
-111.888 40.7775
-112.018 46.5857
-112.097 33.4481
-157.857 21.3074
-134.42 58.3016
-123.03 44.9385
-122.905 47.0358
-121.494 38.5767
-119.766 39.1639
-116.2 43.6178
-100.783 46.8209
-96.6997 40.8081
-77.4336 37.5389
-86.7842 36.1658
-84.3882 33.749
-92.289 34.7466
-92.1729 38.5792
-89.655 39.7984
-89.3844 43.0747
-86.1626 39.7686
-69.7817 44.3072
-76.8836 40.2644
-76.4909 38.9788
-72.5805 44.2624
-71.538 43.2069
-72.6822 41.764
-71.415 41.8309
-73.7579 42.6528
-78.6391 35.7804
-81.6123 38.3362
-71.0637 42.3582
-74.7699 40.2206
-75.5197 39.1573
-84.5553 42.7336
-86.3006 32.3777

Generation 120
Best distance: 417.268
Best path:
-86.3006 32.3777
-86.7842 36.1658
-91.1874 30.4571
-84.5553 42.7336
-77.4336 37.5389
-81.6123 38.3362
-84.2813 30.4381
-81.0332 34.0003
-84.8754 38.1867
-89.3844 43.0747
-92.1729 38.5792
-104.985 39.7392
-90.1821 32.3038
-92.289 34.7466
-93.6037 41.5911
-97.5033 35.4922
-97.7403 30.2747
-105.94 35.6822
-100.346 44.367
-93.1022 44.9551
-111.888 40.7775
-112.018 46.5857
-112.097 33.4481
-157.857 21.3074
-134.42 58.3016
-123.03 44.9385
-122.905 47.0358
-121.494 38.5767
-119.766 39.1639
-116.2 43.6178
-100.783 46.8209
-96.6997 40.8081
-95.678 39.0482
-89.655 39.7984
-86.1626 39.7686
-78.6391 35.7804
-84.3882 33.749
-76.8836 40.2644
-73.7579 42.6528
-75.5197 39.1573
-76.4909 38.9788
-74.7699 40.2206
-71.0637 42.3582
-69.7817 44.3072
-71.415 41.8309
-72.6822 41.764
-71.538 43.2069
-72.5805 44.2624
-82.9991 39.9613
-86.3006 32.3777

Generation 130
Best distance: 405.673
Best path:
-86.3006 32.3777
-90.1821 32.3038
-100.783 46.8209
-100.346 44.367
-112.018 46.5857
-112.097 33.4481
-157.857 21.3074
-134.42 58.3016
-122.905 47.0358
-123.03 44.9385
-121.494 38.5767
-119.766 39.1639
-116.2 43.6178
-111.888 40.7775
-104.985 39.7392
-96.6997 40.8081
-95.678 39.0482
-93.1022 44.9551
-105.94 35.6822
-97.7403 30.2747
-92.289 34.7466
-84.8754 38.1867
-89.3844 43.0747
-92.1729 38.5792
-93.6037 41.5911
-97.5033 35.4922
-89.655 39.7984
-91.1874 30.4571
-78.6391 35.7804
-76.8836 40.2644
-73.7579 42.6528
-84.5553 42.7336
-82.9991 39.9613
-81.0332 34.0003
-86.1626 39.7686
-86.7842 36.1658
-84.2813 30.4381
-84.3882 33.749
-81.6123 38.3362
-77.4336 37.5389
-71.415 41.8309
-69.7817 44.3072
-75.5197 39.1573
-76.4909 38.9788
-72.5805 44.2624
-71.538 43.2069
-72.6822 41.764
-71.0637 42.3582
-74.7699 40.2206
-86.3006 32.3777

Generation 140
Best distance: 397.707
Best path:
-86.3006 32.3777
-81.6123 38.3362
-84.5553 42.7336
-89.3844 43.0747
-93.1022 44.9551
-95.678 39.0482
-96.6997 40.8081
-104.985 39.7392
-111.888 40.7775
-116.2 43.6178
-119.766 39.1639
-121.494 38.5767
-123.03 44.9385
-122.905 47.0358
-134.42 58.3016
-157.857 21.3074
-112.097 33.4481
-112.018 46.5857
-100.346 44.367
-100.783 46.8209
-105.94 35.6822
-97.5033 35.4922
-90.1821 32.3038
-93.6037 41.5911
-92.1729 38.5792
-97.7403 30.2747
-92.289 34.7466
-91.1874 30.4571
-84.8754 38.1867
-82.9991 39.9613
-81.0332 34.0003
-78.6391 35.7804
-71.538 43.2069
-89.655 39.7984
-86.1626 39.7686
-86.7842 36.1658
-84.2813 30.4381
-84.3882 33.749
-71.415 41.8309
-77.4336 37.5389
-76.4909 38.9788
-72.6822 41.764
-76.8836 40.2644
-75.5197 39.1573
-74.7699 40.2206
-73.7579 42.6528
-71.0637 42.3582
-69.7817 44.3072
-72.5805 44.2624
-86.3006 32.3777

Generation 150
Best distance: 400.286
Best path:
-86.3006 32.3777
-77.4336 37.5389
-84.5553 42.7336
-93.1022 44.9551
-95.678 39.0482
-96.6997 40.8081
-100.783 46.8209
-119.766 39.1639
-121.494 38.5767
-122.905 47.0358
-123.03 44.9385
-134.42 58.3016
-157.857 21.3074
-112.097 33.4481
-112.018 46.5857
-116.2 43.6178
-111.888 40.7775
-104.985 39.7392
-100.346 44.367
-105.94 35.6822
-97.7403 30.2747
-97.5033 35.4922
-92.1729 38.5792
-93.6037 41.5911
-92.289 34.7466
-91.1874 30.4571
-90.1821 32.3038
-84.8754 38.1867
-82.9991 39.9613
-76.4909 38.9788
-75.5197 39.1573
-73.7579 42.6528
-76.8836 40.2644
-89.3844 43.0747
-81.0332 34.0003
-81.6123 38.3362
-84.3882 33.749
-84.2813 30.4381
-86.1626 39.7686
-89.655 39.7984
-86.7842 36.1658
-78.6391 35.7804
-74.7699 40.2206
-72.5805 44.2624
-72.6822 41.764
-71.538 43.2069
-71.415 41.8309
-69.7817 44.3072
-71.0637 42.3582
-86.3006 32.3777

Generation 160
Best distance: 394.933
Best path:
-86.3006 32.3777
-95.678 39.0482
-116.2 43.6178
-119.766 39.1639
-121.494 38.5767
-123.03 44.9385
-122.905 47.0358
-134.42 58.3016
-157.857 21.3074
-112.097 33.4481
-112.018 46.5857
-111.888 40.7775
-104.985 39.7392
-100.346 44.367
-97.7403 30.2747
-97.5033 35.4922
-93.1022 44.9551
-93.6037 41.5911
-100.783 46.8209
-105.94 35.6822
-96.6997 40.8081
-92.1729 38.5792
-89.655 39.7984
-92.289 34.7466
-90.1821 32.3038
-91.1874 30.4571
-84.8754 38.1867
-89.3844 43.0747
-84.5553 42.7336
-82.9991 39.9613
-81.0332 34.0003
-84.3882 33.749
-81.6123 38.3362
-86.1626 39.7686
-86.7842 36.1658
-84.2813 30.4381
-77.4336 37.5389
-74.7699 40.2206
-78.6391 35.7804
-72.6822 41.764
-73.7579 42.6528
-76.4909 38.9788
-75.5197 39.1573
-72.5805 44.2624
-71.415 41.8309
-69.7817 44.3072
-71.0637 42.3582
-71.538 43.2069
-76.8836 40.2644
-86.3006 32.3777

Generation 170
Best distance: 369.334
Best path:
-86.3006 32.3777
-91.1874 30.4571
-90.1821 32.3038
-92.289 34.7466
-97.5033 35.4922
-97.7403 30.2747
-100.346 44.367
-93.1022 44.9551
-93.6037 41.5911
-84.8754 38.1867
-89.3844 43.0747
-84.5553 42.7336
-82.9991 39.9613
-86.1626 39.7686
-84.3882 33.749
-81.0332 34.0003
-81.6123 38.3362
-86.7842 36.1658
-89.655 39.7984
-92.1729 38.5792
-105.94 35.6822
-104.985 39.7392
-111.888 40.7775
-116.2 43.6178
-112.018 46.5857
-112.097 33.4481
-157.857 21.3074
-134.42 58.3016
-123.03 44.9385
-122.905 47.0358
-121.494 38.5767
-119.766 39.1639
-100.783 46.8209
-96.6997 40.8081
-95.678 39.0482
-84.2813 30.4381
-78.6391 35.7804
-77.4336 37.5389
-76.8836 40.2644
-76.4909 38.9788
-75.5197 39.1573
-74.7699 40.2206
-71.0637 42.3582
-73.7579 42.6528
-71.538 43.2069
-72.6822 41.764
-69.7817 44.3072
-71.415 41.8309
-72.5805 44.2624
-86.3006 32.3777

Generation 180
Best distance: 370.965
Best path:
-86.3006 32.3777
-84.8754 38.1867
-91.1874 30.4571
-90.1821 32.3038
-92.289 34.7466
-89.655 39.7984
-92.1729 38.5792
-96.6997 40.8081
-93.1022 44.9551
-93.6037 41.5911
-95.678 39.0482
-112.018 46.5857
-112.097 33.4481
-157.857 21.3074
-134.42 58.3016
-123.03 44.9385
-122.905 47.0358
-121.494 38.5767
-119.766 39.1639
-116.2 43.6178
-111.888 40.7775
-104.985 39.7392
-97.5033 35.4922
-105.94 35.6822
-100.783 46.8209
-100.346 44.367
-97.7403 30.2747
-89.3844 43.0747
-84.5553 42.7336
-82.9991 39.9613
-81.0332 34.0003
-84.3882 33.749
-81.6123 38.3362
-86.1626 39.7686
-86.7842 36.1658
-84.2813 30.4381
-78.6391 35.7804
-76.4909 38.9788
-75.5197 39.1573
-74.7699 40.2206
-77.4336 37.5389
-76.8836 40.2644
-72.6822 41.764
-73.7579 42.6528
-72.5805 44.2624
-69.7817 44.3072
-71.415 41.8309
-71.538 43.2069
-71.0637 42.3582
-86.3006 32.3777

Generation 190
Best distance: 353.528
Best path:
-86.3006 32.3777
-91.1874 30.4571
-90.1821 32.3038
-92.289 34.7466
-92.1729 38.5792
-93.1022 44.9551
-100.346 44.367
-95.678 39.0482
-97.7403 30.2747
-97.5033 35.4922
-104.985 39.7392
-111.888 40.7775
-116.2 43.6178
-119.766 39.1639
-121.494 38.5767
-123.03 44.9385
-122.905 47.0358
-134.42 58.3016
-157.857 21.3074
-112.097 33.4481
-105.94 35.6822
-112.018 46.5857
-100.783 46.8209
-93.6037 41.5911
-96.6997 40.8081
-89.655 39.7984
-89.3844 43.0747
-84.8754 38.1867
-86.7842 36.1658
-84.5553 42.7336
-82.9991 39.9613
-81.0332 34.0003
-84.3882 33.749
-81.6123 38.3362
-86.1626 39.7686
-84.2813 30.4381
-77.4336 37.5389
-78.6391 35.7804
-75.5197 39.1573
-72.6822 41.764
-73.7579 42.6528
-74.7699 40.2206
-76.4909 38.9788
-71.415 41.8309
-69.7817 44.3072
-71.0637 42.3582
-71.538 43.2069
-72.5805 44.2624
-76.8836 40.2644
-86.3006 32.3777

Generation 200
Best distance: 345.654
Best path:
-86.3006 32.3777
-91.1874 30.4571
-90.1821 32.3038
-92.289 34.7466
-92.1729 38.5792
-89.655 39.7984
-93.1022 44.9551
-97.5033 35.4922
-97.7403 30.2747
-95.678 39.0482
-96.6997 40.8081
-104.985 39.7392
-111.888 40.7775
-116.2 43.6178
-119.766 39.1639
-121.494 38.5767
-123.03 44.9385
-122.905 47.0358
-134.42 58.3016
-157.857 21.3074
-112.097 33.4481
-105.94 35.6822
-112.018 46.5857
-100.783 46.8209
-93.6037 41.5911
-100.346 44.367
-89.3844 43.0747
-84.5553 42.7336
-82.9991 39.9613
-84.8754 38.1867
-81.0332 34.0003
-84.3882 33.749
-81.6123 38.3362
-86.1626 39.7686
-86.7842 36.1658
-84.2813 30.4381
-78.6391 35.7804
-77.4336 37.5389
-76.4909 38.9788
-76.8836 40.2644
-74.7699 40.2206
-75.5197 39.1573
-71.415 41.8309
-73.7579 42.6528
-71.538 43.2069
-72.5805 44.2624
-72.6822 41.764
-69.7817 44.3072
-71.0637 42.3582
-86.3006 32.3777

Generation 210
Best distance: 342.966
Best path:
-86.3006 32.3777
-91.1874 30.4571
-90.1821 32.3038
-92.289 34.7466
-89.655 39.7984
-93.1022 44.9551
-97.5033 35.4922
-97.7403 30.2747
-104.985 39.7392
-111.888 40.7775
-116.2 43.6178
-119.766 39.1639
-121.494 38.5767
-123.03 44.9385
-122.905 47.0358
-134.42 58.3016
-157.857 21.3074
-112.097 33.4481
-105.94 35.6822
-112.018 46.5857
-100.783 46.8209
-100.346 44.367
-95.678 39.0482
-96.6997 40.8081
-93.6037 41.5911
-89.3844 43.0747
-84.5553 42.7336
-82.9991 39.9613
-84.3882 33.749
-84.8754 38.1867
-81.0332 34.0003
-81.6123 38.3362
-86.1626 39.7686
-86.7842 36.1658
-84.2813 30.4381
-78.6391 35.7804
-76.4909 38.9788
-75.5197 39.1573
-77.4336 37.5389
-76.8836 40.2644
-74.7699 40.2206
-73.7579 42.6528
-72.6822 41.764
-71.415 41.8309
-69.7817 44.3072
-71.0637 42.3582
-72.5805 44.2624
-71.538 43.2069
-92.1729 38.5792
-86.3006 32.3777

Generation 220
Best distance: 341.545
Best path:
-86.3006 32.3777
-93.1022 44.9551
-93.6037 41.5911
-95.678 39.0482
-96.6997 40.8081
-100.783 46.8209
-100.346 44.367
-112.018 46.5857
-105.94 35.6822
-112.097 33.4481
-157.857 21.3074
-134.42 58.3016
-122.905 47.0358
-123.03 44.9385
-121.494 38.5767
-119.766 39.1639
-116.2 43.6178
-111.888 40.7775
-104.985 39.7392
-97.5033 35.4922
-97.7403 30.2747
-89.3844 43.0747
-84.5553 42.7336
-82.9991 39.9613
-81.0332 34.0003
-84.3882 33.749
-86.7842 36.1658
-92.1729 38.5792
-81.6123 38.3362
-84.8754 38.1867
-86.1626 39.7686
-89.655 39.7984
-92.289 34.7466
-91.1874 30.4571
-90.1821 32.3038
-84.2813 30.4381
-78.6391 35.7804
-77.4336 37.5389
-76.4909 38.9788
-76.8836 40.2644
-75.5197 39.1573
-74.7699 40.2206
-72.6822 41.764
-71.415 41.8309
-73.7579 42.6528
-72.5805 44.2624
-69.7817 44.3072
-71.538 43.2069
-71.0637 42.3582
-86.3006 32.3777

Generation 230
Best distance: 344.25
Best path:
-86.3006 32.3777
-93.6037 41.5911
-93.1022 44.9551
-97.7403 30.2747
-97.5033 35.4922
-104.985 39.7392
-111.888 40.7775
-116.2 43.6178
-119.766 39.1639
-121.494 38.5767
-123.03 44.9385
-122.905 47.0358
-134.42 58.3016
-157.857 21.3074
-112.097 33.4481
-105.94 35.6822
-112.018 46.5857
-100.346 44.367
-100.783 46.8209
-89.3844 43.0747
-95.678 39.0482
-96.6997 40.8081
-92.1729 38.5792
-84.5553 42.7336
-82.9991 39.9613
-81.0332 34.0003
-84.3882 33.749
-81.6123 38.3362
-84.8754 38.1867
-86.1626 39.7686
-89.655 39.7984
-92.289 34.7466
-91.1874 30.4571
-90.1821 32.3038
-86.7842 36.1658
-84.2813 30.4381
-78.6391 35.7804
-77.4336 37.5389
-76.4909 38.9788
-75.5197 39.1573
-74.7699 40.2206
-72.6822 41.764
-73.7579 42.6528
-71.415 41.8309
-71.0637 42.3582
-69.7817 44.3072
-71.538 43.2069
-72.5805 44.2624
-76.8836 40.2644
-86.3006 32.3777

Generation 240
Best distance: 338.832
Best path:
-86.3006 32.3777
-93.6037 41.5911
-89.3844 43.0747
-93.1022 44.9551
-96.6997 40.8081
-92.1729 38.5792
-95.678 39.0482
-100.783 46.8209
-100.346 44.367
-112.018 46.5857
-105.94 35.6822
-112.097 33.4481
-157.857 21.3074
-134.42 58.3016
-122.905 47.0358
-123.03 44.9385
-121.494 38.5767
-119.766 39.1639
-116.2 43.6178
-111.888 40.7775
-104.985 39.7392
-97.7403 30.2747
-97.5033 35.4922
-84.5553 42.7336
-82.9991 39.9613
-81.0332 34.0003
-84.3882 33.749
-86.7842 36.1658
-81.6123 38.3362
-84.8754 38.1867
-86.1626 39.7686
-89.655 39.7984
-92.289 34.7466
-91.1874 30.4571
-90.1821 32.3038
-84.2813 30.4381
-78.6391 35.7804
-77.4336 37.5389
-76.4909 38.9788
-75.5197 39.1573
-74.7699 40.2206
-72.6822 41.764
-73.7579 42.6528
-71.415 41.8309
-71.0637 42.3582
-69.7817 44.3072
-71.538 43.2069
-72.5805 44.2624
-76.8836 40.2644
-86.3006 32.3777

Generation 250
Best distance: 326.14
Best path:
-86.3006 32.3777
-96.6997 40.8081
-95.678 39.0482
-93.6037 41.5911
-92.1729 38.5792
-97.5033 35.4922
-97.7403 30.2747
-112.097 33.4481
-157.857 21.3074
-134.42 58.3016
-122.905 47.0358
-123.03 44.9385
-121.494 38.5767
-119.766 39.1639
-116.2 43.6178
-111.888 40.7775
-104.985 39.7392
-105.94 35.6822
-112.018 46.5857
-100.783 46.8209
-100.346 44.367
-93.1022 44.9551
-89.3844 43.0747
-84.5553 42.7336
-82.9991 39.9613
-81.0332 34.0003
-84.3882 33.749
-81.6123 38.3362
-84.8754 38.1867
-86.7842 36.1658
-86.1626 39.7686
-89.655 39.7984
-92.289 34.7466
-91.1874 30.4571
-90.1821 32.3038
-84.2813 30.4381
-78.6391 35.7804
-77.4336 37.5389
-76.4909 38.9788
-76.8836 40.2644
-75.5197 39.1573
-74.7699 40.2206
-73.7579 42.6528
-72.6822 41.764
-71.415 41.8309
-71.0637 42.3582
-69.7817 44.3072
-71.538 43.2069
-72.5805 44.2624
-86.3006 32.3777

Generation 260
Best distance: 321.083
Best path:
-86.3006 32.3777
-92.1729 38.5792
-95.678 39.0482
-96.6997 40.8081
-97.5033 35.4922
-97.7403 30.2747
-104.985 39.7392
-111.888 40.7775
-116.2 43.6178
-119.766 39.1639
-121.494 38.5767
-123.03 44.9385
-122.905 47.0358
-134.42 58.3016
-157.857 21.3074
-112.097 33.4481
-105.94 35.6822
-112.018 46.5857
-100.346 44.367
-100.783 46.8209
-93.1022 44.9551
-93.6037 41.5911
-89.3844 43.0747
-84.5553 42.7336
-82.9991 39.9613
-81.0332 34.0003
-84.3882 33.749
-81.6123 38.3362
-84.8754 38.1867
-86.7842 36.1658
-86.1626 39.7686
-89.655 39.7984
-92.289 34.7466
-91.1874 30.4571
-90.1821 32.3038
-84.2813 30.4381
-78.6391 35.7804
-77.4336 37.5389
-76.4909 38.9788
-75.5197 39.1573
-74.7699 40.2206
-72.6822 41.764
-73.7579 42.6528
-71.415 41.8309
-71.0637 42.3582
-69.7817 44.3072
-71.538 43.2069
-72.5805 44.2624
-76.8836 40.2644
-86.3006 32.3777

Generation 270
Best distance: 323.281
Best path:
-86.3006 32.3777
-92.1729 38.5792
-95.678 39.0482
-96.6997 40.8081
-97.5033 35.4922
-97.7403 30.2747
-104.985 39.7392
-111.888 40.7775
-116.2 43.6178
-119.766 39.1639
-121.494 38.5767
-123.03 44.9385
-122.905 47.0358
-134.42 58.3016
-157.857 21.3074
-112.097 33.4481
-105.94 35.6822
-112.018 46.5857
-100.346 44.367
-100.783 46.8209
-93.1022 44.9551
-93.6037 41.5911
-89.3844 43.0747
-84.5553 42.7336
-82.9991 39.9613
-81.0332 34.0003
-84.3882 33.749
-81.6123 38.3362
-84.8754 38.1867
-86.1626 39.7686
-89.655 39.7984
-92.289 34.7466
-91.1874 30.4571
-90.1821 32.3038
-86.7842 36.1658
-84.2813 30.4381
-78.6391 35.7804
-77.4336 37.5389
-76.4909 38.9788
-75.5197 39.1573
-76.8836 40.2644
-74.7699 40.2206
-73.7579 42.6528
-72.6822 41.764
-71.415 41.8309
-71.0637 42.3582
-69.7817 44.3072
-71.538 43.2069
-72.5805 44.2624
-86.3006 32.3777

Generation 280
Best distance: 320.221
Best path:
-86.3006 32.3777
-86.7842 36.1658
-84.8754 38.1867
-81.6123 38.3362
-84.3882 33.749
-81.0332 34.0003
-82.9991 39.9613
-84.5553 42.7336
-89.3844 43.0747
-93.6037 41.5911
-93.1022 44.9551
-100.783 46.8209
-100.346 44.367
-112.018 46.5857
-105.94 35.6822
-112.097 33.4481
-157.857 21.3074
-134.42 58.3016
-122.905 47.0358
-123.03 44.9385
-121.494 38.5767
-119.766 39.1639
-116.2 43.6178
-111.888 40.7775
-104.985 39.7392
-97.7403 30.2747
-97.5033 35.4922
-96.6997 40.8081
-95.678 39.0482
-92.1729 38.5792
-86.1626 39.7686
-89.655 39.7984
-92.289 34.7466
-91.1874 30.4571
-90.1821 32.3038
-84.2813 30.4381
-78.6391 35.7804
-77.4336 37.5389
-76.4909 38.9788
-75.5197 39.1573
-76.8836 40.2644
-74.7699 40.2206
-73.7579 42.6528
-72.6822 41.764
-71.415 41.8309
-71.0637 42.3582
-69.7817 44.3072
-71.538 43.2069
-72.5805 44.2624
-86.3006 32.3777

Generation 290
Best distance: 313.711
Best path:
-86.3006 32.3777
-92.1729 38.5792
-95.678 39.0482
-96.6997 40.8081
-97.5033 35.4922
-97.7403 30.2747
-104.985 39.7392
-105.94 35.6822
-112.097 33.4481
-157.857 21.3074
-134.42 58.3016
-122.905 47.0358
-123.03 44.9385
-121.494 38.5767
-119.766 39.1639
-116.2 43.6178
-111.888 40.7775
-112.018 46.5857
-100.346 44.367
-100.783 46.8209
-93.1022 44.9551
-93.6037 41.5911
-89.3844 43.0747
-84.5553 42.7336
-82.9991 39.9613
-81.0332 34.0003
-84.3882 33.749
-81.6123 38.3362
-86.7842 36.1658
-84.8754 38.1867
-86.1626 39.7686
-89.655 39.7984
-92.289 34.7466
-91.1874 30.4571
-90.1821 32.3038
-84.2813 30.4381
-78.6391 35.7804
-77.4336 37.5389
-76.4909 38.9788
-75.5197 39.1573
-76.8836 40.2644
-74.7699 40.2206
-73.7579 42.6528
-72.6822 41.764
-71.415 41.8309
-71.0637 42.3582
-69.7817 44.3072
-71.538 43.2069
-72.5805 44.2624
-86.3006 32.3777

Generation 300
Best distance: 313.206
Best path:
-86.3006 32.3777
-92.1729 38.5792
-95.678 39.0482
-96.6997 40.8081
-97.5033 35.4922
-97.7403 30.2747
-104.985 39.7392
-105.94 35.6822
-112.097 33.4481
-157.857 21.3074
-134.42 58.3016
-122.905 47.0358
-123.03 44.9385
-121.494 38.5767
-119.766 39.1639
-116.2 43.6178
-111.888 40.7775
-112.018 46.5857
-100.346 44.367
-100.783 46.8209
-93.1022 44.9551
-93.6037 41.5911
-89.3844 43.0747
-84.5553 42.7336
-82.9991 39.9613
-81.0332 34.0003
-84.3882 33.749
-81.6123 38.3362
-84.8754 38.1867
-86.1626 39.7686
-89.655 39.7984
-86.7842 36.1658
-92.289 34.7466
-91.1874 30.4571
-90.1821 32.3038
-84.2813 30.4381
-78.6391 35.7804
-77.4336 37.5389
-76.4909 38.9788
-75.5197 39.1573
-76.8836 40.2644
-74.7699 40.2206
-73.7579 42.6528
-72.6822 41.764
-71.415 41.8309
-71.0637 42.3582
-69.7817 44.3072
-71.538 43.2069
-72.5805 44.2624
-86.3006 32.3777

Generation 310
Best distance: 308.287
Best path:
-86.3006 32.3777
-86.7842 36.1658
-89.655 39.7984
-86.1626 39.7686
-84.8754 38.1867
-81.6123 38.3362
-84.3882 33.749
-81.0332 34.0003
-82.9991 39.9613
-84.5553 42.7336
-89.3844 43.0747
-93.6037 41.5911
-93.1022 44.9551
-100.783 46.8209
-100.346 44.367
-112.018 46.5857
-116.2 43.6178
-111.888 40.7775
-119.766 39.1639
-121.494 38.5767
-123.03 44.9385
-122.905 47.0358
-134.42 58.3016
-157.857 21.3074
-112.097 33.4481
-105.94 35.6822
-104.985 39.7392
-97.7403 30.2747
-97.5033 35.4922
-96.6997 40.8081
-95.678 39.0482
-92.1729 38.5792
-92.289 34.7466
-91.1874 30.4571
-90.1821 32.3038
-84.2813 30.4381
-78.6391 35.7804
-77.4336 37.5389
-76.4909 38.9788
-75.5197 39.1573
-76.8836 40.2644
-74.7699 40.2206
-73.7579 42.6528
-72.6822 41.764
-71.415 41.8309
-71.0637 42.3582
-69.7817 44.3072
-71.538 43.2069
-72.5805 44.2624
-86.3006 32.3777

Generation 320
Best distance: 303.832
Best path:
-86.3006 32.3777
-84.3882 33.749
-81.0332 34.0003
-81.6123 38.3362
-84.8754 38.1867
-86.1626 39.7686
-86.7842 36.1658
-82.9991 39.9613
-84.5553 42.7336
-89.3844 43.0747
-93.6037 41.5911
-93.1022 44.9551
-100.346 44.367
-100.783 46.8209
-112.018 46.5857
-116.2 43.6178
-111.888 40.7775
-119.766 39.1639
-121.494 38.5767
-123.03 44.9385
-122.905 47.0358
-134.42 58.3016
-157.857 21.3074
-112.097 33.4481
-105.94 35.6822
-104.985 39.7392
-97.7403 30.2747
-97.5033 35.4922
-96.6997 40.8081
-95.678 39.0482
-92.1729 38.5792
-89.655 39.7984
-92.289 34.7466
-91.1874 30.4571
-90.1821 32.3038
-84.2813 30.4381
-78.6391 35.7804
-77.4336 37.5389
-76.4909 38.9788
-75.5197 39.1573
-76.8836 40.2644
-74.7699 40.2206
-73.7579 42.6528
-72.6822 41.764
-71.415 41.8309
-71.0637 42.3582
-69.7817 44.3072
-71.538 43.2069
-72.5805 44.2624
-86.3006 32.3777

Generation 330
Best distance: 307.007
Best path:
-86.3006 32.3777
-86.7842 36.1658
-89.655 39.7984
-86.1626 39.7686
-84.8754 38.1867
-81.6123 38.3362
-84.3882 33.749
-81.0332 34.0003
-82.9991 39.9613
-84.5553 42.7336
-89.3844 43.0747
-93.6037 41.5911
-93.1022 44.9551
-100.346 44.367
-100.783 46.8209
-112.018 46.5857
-116.2 43.6178
-111.888 40.7775
-119.766 39.1639
-121.494 38.5767
-123.03 44.9385
-122.905 47.0358
-134.42 58.3016
-157.857 21.3074
-112.097 33.4481
-105.94 35.6822
-104.985 39.7392
-97.7403 30.2747
-97.5033 35.4922
-96.6997 40.8081
-95.678 39.0482
-92.1729 38.5792
-92.289 34.7466
-91.1874 30.4571
-90.1821 32.3038
-84.2813 30.4381
-78.6391 35.7804
-77.4336 37.5389
-76.4909 38.9788
-75.5197 39.1573
-76.8836 40.2644
-74.7699 40.2206
-73.7579 42.6528
-72.6822 41.764
-71.415 41.8309
-71.0637 42.3582
-69.7817 44.3072
-71.538 43.2069
-72.5805 44.2624
-86.3006 32.3777

Generation 340
Best distance: 302.381
Best path:
-86.3006 32.3777
-84.3882 33.749
-81.0332 34.0003
-81.6123 38.3362
-84.8754 38.1867
-86.7842 36.1658
-86.1626 39.7686
-82.9991 39.9613
-84.5553 42.7336
-89.3844 43.0747
-93.6037 41.5911
-93.1022 44.9551
-100.346 44.367
-100.783 46.8209
-112.018 46.5857
-116.2 43.6178
-111.888 40.7775
-119.766 39.1639
-121.494 38.5767
-123.03 44.9385
-122.905 47.0358
-134.42 58.3016
-157.857 21.3074
-112.097 33.4481
-105.94 35.6822
-104.985 39.7392
-97.7403 30.2747
-97.5033 35.4922
-96.6997 40.8081
-95.678 39.0482
-92.1729 38.5792
-89.655 39.7984
-92.289 34.7466
-91.1874 30.4571
-90.1821 32.3038
-84.2813 30.4381
-78.6391 35.7804
-77.4336 37.5389
-76.4909 38.9788
-75.5197 39.1573
-76.8836 40.2644
-74.7699 40.2206
-73.7579 42.6528
-72.6822 41.764
-71.415 41.8309
-71.0637 42.3582
-69.7817 44.3072
-71.538 43.2069
-72.5805 44.2624
-86.3006 32.3777

Generation 350
Best distance: 304.263
Best path:
-86.3006 32.3777
-72.5805 44.2624
-71.538 43.2069
-69.7817 44.3072
-71.0637 42.3582
-71.415 41.8309
-72.6822 41.764
-73.7579 42.6528
-74.7699 40.2206
-76.8836 40.2644
-75.5197 39.1573
-76.4909 38.9788
-77.4336 37.5389
-78.6391 35.7804
-84.2813 30.4381
-90.1821 32.3038
-91.1874 30.4571
-92.289 34.7466
-89.655 39.7984
-92.1729 38.5792
-95.678 39.0482
-96.6997 40.8081
-97.5033 35.4922
-97.7403 30.2747
-104.985 39.7392
-105.94 35.6822
-112.097 33.4481
-121.494 38.5767
-157.857 21.3074
-134.42 58.3016
-122.905 47.0358
-123.03 44.9385
-119.766 39.1639
-111.888 40.7775
-116.2 43.6178
-112.018 46.5857
-100.783 46.8209
-100.346 44.367
-93.1022 44.9551
-93.6037 41.5911
-89.3844 43.0747
-84.5553 42.7336
-82.9991 39.9613
-86.1626 39.7686
-86.7842 36.1658
-84.8754 38.1867
-81.6123 38.3362
-81.0332 34.0003
-84.3882 33.749
-86.3006 32.3777

Generation 360
Best distance: 306.085
Best path:
-86.3006 32.3777
-84.3882 33.749
-81.0332 34.0003
-81.6123 38.3362
-82.9991 39.9613
-84.5553 42.7336
-89.3844 43.0747
-93.6037 41.5911
-93.1022 44.9551
-100.346 44.367
-100.783 46.8209
-112.018 46.5857
-116.2 43.6178
-111.888 40.7775
-119.766 39.1639
-121.494 38.5767
-123.03 44.9385
-122.905 47.0358
-134.42 58.3016
-157.857 21.3074
-112.097 33.4481
-105.94 35.6822
-104.985 39.7392
-97.7403 30.2747
-97.5033 35.4922
-96.6997 40.8081
-95.678 39.0482
-92.1729 38.5792
-84.8754 38.1867
-86.7842 36.1658
-86.1626 39.7686
-89.655 39.7984
-92.289 34.7466
-91.1874 30.4571
-90.1821 32.3038
-84.2813 30.4381
-78.6391 35.7804
-77.4336 37.5389
-76.4909 38.9788
-75.5197 39.1573
-76.8836 40.2644
-74.7699 40.2206
-73.7579 42.6528
-72.6822 41.764
-71.415 41.8309
-71.0637 42.3582
-69.7817 44.3072
-71.538 43.2069
-72.5805 44.2624
-86.3006 32.3777

Generation 370
Best distance: 306.648
Best path:
-86.3006 32.3777
-86.7842 36.1658
-84.8754 38.1867
-86.1626 39.7686
-81.6123 38.3362
-81.0332 34.0003
-84.3882 33.749
-82.9991 39.9613
-84.5553 42.7336
-89.3844 43.0747
-93.1022 44.9551
-93.6037 41.5911
-100.346 44.367
-100.783 46.8209
-112.018 46.5857
-116.2 43.6178
-111.888 40.7775
-119.766 39.1639
-121.494 38.5767
-123.03 44.9385
-122.905 47.0358
-134.42 58.3016
-157.857 21.3074
-112.097 33.4481
-105.94 35.6822
-104.985 39.7392
-97.7403 30.2747
-97.5033 35.4922
-96.6997 40.8081
-95.678 39.0482
-92.1729 38.5792
-89.655 39.7984
-92.289 34.7466
-91.1874 30.4571
-90.1821 32.3038
-84.2813 30.4381
-78.6391 35.7804
-77.4336 37.5389
-76.4909 38.9788
-75.5197 39.1573
-76.8836 40.2644
-74.7699 40.2206
-73.7579 42.6528
-72.6822 41.764
-71.415 41.8309
-71.0637 42.3582
-69.7817 44.3072
-71.538 43.2069
-72.5805 44.2624
-86.3006 32.3777

Generation 380
Best distance: 306.648
Best path:
-86.3006 32.3777
-86.7842 36.1658
-84.8754 38.1867
-86.1626 39.7686
-81.6123 38.3362
-81.0332 34.0003
-84.3882 33.749
-82.9991 39.9613
-84.5553 42.7336
-89.3844 43.0747
-93.1022 44.9551
-93.6037 41.5911
-100.346 44.367
-100.783 46.8209
-112.018 46.5857
-116.2 43.6178
-111.888 40.7775
-119.766 39.1639
-121.494 38.5767
-123.03 44.9385
-122.905 47.0358
-134.42 58.3016
-157.857 21.3074
-112.097 33.4481
-105.94 35.6822
-104.985 39.7392
-97.7403 30.2747
-97.5033 35.4922
-96.6997 40.8081
-95.678 39.0482
-92.1729 38.5792
-89.655 39.7984
-92.289 34.7466
-91.1874 30.4571
-90.1821 32.3038
-84.2813 30.4381
-78.6391 35.7804
-77.4336 37.5389
-76.4909 38.9788
-75.5197 39.1573
-76.8836 40.2644
-74.7699 40.2206
-73.7579 42.6528
-72.6822 41.764
-71.415 41.8309
-71.0637 42.3582
-69.7817 44.3072
-71.538 43.2069
-72.5805 44.2624
-86.3006 32.3777

Generation 390
Best distance: 302.381
Best path:
-86.3006 32.3777
-84.3882 33.749
-81.0332 34.0003
-81.6123 38.3362
-84.8754 38.1867
-86.7842 36.1658
-86.1626 39.7686
-82.9991 39.9613
-84.5553 42.7336
-89.3844 43.0747
-93.6037 41.5911
-93.1022 44.9551
-100.346 44.367
-100.783 46.8209
-112.018 46.5857
-116.2 43.6178
-111.888 40.7775
-119.766 39.1639
-121.494 38.5767
-123.03 44.9385
-122.905 47.0358
-134.42 58.3016
-157.857 21.3074
-112.097 33.4481
-105.94 35.6822
-104.985 39.7392
-97.7403 30.2747
-97.5033 35.4922
-96.6997 40.8081
-95.678 39.0482
-92.1729 38.5792
-89.655 39.7984
-92.289 34.7466
-91.1874 30.4571
-90.1821 32.3038
-84.2813 30.4381
-78.6391 35.7804
-77.4336 37.5389
-76.4909 38.9788
-75.5197 39.1573
-76.8836 40.2644
-74.7699 40.2206
-73.7579 42.6528
-72.6822 41.764
-71.415 41.8309
-71.0637 42.3582
-69.7817 44.3072
-71.538 43.2069
-72.5805 44.2624
-86.3006 32.3777

Generation 400
Best distance: 307.147
Best path:
-86.3006 32.3777
-89.655 39.7984
-86.1626 39.7686
-81.6123 38.3362
-81.0332 34.0003
-84.3882 33.749
-82.9991 39.9613
-84.5553 42.7336
-89.3844 43.0747
-93.1022 44.9551
-93.6037 41.5911
-100.346 44.367
-100.783 46.8209
-112.018 46.5857
-116.2 43.6178
-111.888 40.7775
-119.766 39.1639
-121.494 38.5767
-123.03 44.9385
-122.905 47.0358
-134.42 58.3016
-157.857 21.3074
-112.097 33.4481
-105.94 35.6822
-104.985 39.7392
-97.7403 30.2747
-97.5033 35.4922
-96.6997 40.8081
-95.678 39.0482
-92.1729 38.5792
-92.289 34.7466
-91.1874 30.4571
-90.1821 32.3038
-84.2813 30.4381
-78.6391 35.7804
-77.4336 37.5389
-76.4909 38.9788
-75.5197 39.1573
-76.8836 40.2644
-74.7699 40.2206
-73.7579 42.6528
-72.6822 41.764
-71.415 41.8309
-71.0637 42.3582
-69.7817 44.3072
-71.538 43.2069
-72.5805 44.2624
-84.8754 38.1867
-86.7842 36.1658
-86.3006 32.3777

Generation 410
Best distance: 307.303
Best path:
-86.3006 32.3777
-86.1626 39.7686
-86.7842 36.1658
-84.8754 38.1867
-84.3882 33.749
-81.0332 34.0003
-81.6123 38.3362
-82.9991 39.9613
-84.5553 42.7336
-89.3844 43.0747
-93.1022 44.9551
-93.6037 41.5911
-100.346 44.367
-100.783 46.8209
-112.018 46.5857
-116.2 43.6178
-111.888 40.7775
-119.766 39.1639
-121.494 38.5767
-123.03 44.9385
-122.905 47.0358
-134.42 58.3016
-157.857 21.3074
-112.097 33.4481
-105.94 35.6822
-104.985 39.7392
-97.7403 30.2747
-97.5033 35.4922
-96.6997 40.8081
-95.678 39.0482
-92.1729 38.5792
-89.655 39.7984
-92.289 34.7466
-91.1874 30.4571
-90.1821 32.3038
-84.2813 30.4381
-78.6391 35.7804
-77.4336 37.5389
-76.4909 38.9788
-75.5197 39.1573
-76.8836 40.2644
-74.7699 40.2206
-73.7579 42.6528
-72.6822 41.764
-71.415 41.8309
-71.0637 42.3582
-69.7817 44.3072
-71.538 43.2069
-72.5805 44.2624
-86.3006 32.3777

Generation 420
Best distance: 305.042
Best path:
-86.3006 32.3777
-84.3882 33.749
-81.0332 34.0003
-81.6123 38.3362
-84.8754 38.1867
-86.7842 36.1658
-92.1729 38.5792
-95.678 39.0482
-96.6997 40.8081
-97.5033 35.4922
-97.7403 30.2747
-104.985 39.7392
-105.94 35.6822
-112.097 33.4481
-157.857 21.3074
-134.42 58.3016
-122.905 47.0358
-123.03 44.9385
-121.494 38.5767
-119.766 39.1639
-111.888 40.7775
-116.2 43.6178
-112.018 46.5857
-100.783 46.8209
-100.346 44.367
-93.6037 41.5911
-93.1022 44.9551
-89.3844 43.0747
-84.5553 42.7336
-82.9991 39.9613
-86.1626 39.7686
-89.655 39.7984
-92.289 34.7466
-91.1874 30.4571
-90.1821 32.3038
-84.2813 30.4381
-78.6391 35.7804
-77.4336 37.5389
-76.4909 38.9788
-75.5197 39.1573
-76.8836 40.2644
-74.7699 40.2206
-73.7579 42.6528
-72.6822 41.764
-71.415 41.8309
-71.0637 42.3582
-69.7817 44.3072
-71.538 43.2069
-72.5805 44.2624
-86.3006 32.3777

Generation 430
Best distance: 305.802
Best path:
-86.3006 32.3777
-84.3882 33.749
-81.0332 34.0003
-81.6123 38.3362
-82.9991 39.9613
-84.5553 42.7336
-89.3844 43.0747
-93.1022 44.9551
-93.6037 41.5911
-100.346 44.367
-100.783 46.8209
-112.018 46.5857
-116.2 43.6178
-111.888 40.7775
-119.766 39.1639
-121.494 38.5767
-123.03 44.9385
-122.905 47.0358
-134.42 58.3016
-157.857 21.3074
-112.097 33.4481
-105.94 35.6822
-104.985 39.7392
-97.7403 30.2747
-97.5033 35.4922
-96.6997 40.8081
-95.678 39.0482
-92.1729 38.5792
-84.8754 38.1867
-86.7842 36.1658
-86.1626 39.7686
-89.655 39.7984
-92.289 34.7466
-91.1874 30.4571
-90.1821 32.3038
-84.2813 30.4381
-78.6391 35.7804
-77.4336 37.5389
-76.4909 38.9788
-75.5197 39.1573
-76.8836 40.2644
-74.7699 40.2206
-73.7579 42.6528
-72.6822 41.764
-71.415 41.8309
-71.0637 42.3582
-69.7817 44.3072
-71.538 43.2069
-72.5805 44.2624
-86.3006 32.3777

Generation 440
Best distance: 302.989
Best path:
-86.3006 32.3777
-86.7842 36.1658
-86.1626 39.7686
-84.8754 38.1867
-84.3882 33.749
-81.0332 34.0003
-81.6123 38.3362
-82.9991 39.9613
-84.5553 42.7336
-89.3844 43.0747
-93.1022 44.9551
-93.6037 41.5911
-100.346 44.367
-100.783 46.8209
-112.018 46.5857
-116.2 43.6178
-111.888 40.7775
-119.766 39.1639
-121.494 38.5767
-123.03 44.9385
-122.905 47.0358
-134.42 58.3016
-157.857 21.3074
-112.097 33.4481
-105.94 35.6822
-104.985 39.7392
-97.7403 30.2747
-97.5033 35.4922
-96.6997 40.8081
-95.678 39.0482
-92.1729 38.5792
-89.655 39.7984
-92.289 34.7466
-91.1874 30.4571
-90.1821 32.3038
-84.2813 30.4381
-78.6391 35.7804
-77.4336 37.5389
-76.4909 38.9788
-75.5197 39.1573
-76.8836 40.2644
-74.7699 40.2206
-73.7579 42.6528
-72.6822 41.764
-71.415 41.8309
-71.0637 42.3582
-69.7817 44.3072
-71.538 43.2069
-72.5805 44.2624
-86.3006 32.3777

Generation 450
Best distance: 301.999
Best path:
-86.3006 32.3777
-90.1821 32.3038
-91.1874 30.4571
-92.289 34.7466
-89.655 39.7984
-92.1729 38.5792
-95.678 39.0482
-96.6997 40.8081
-97.5033 35.4922
-97.7403 30.2747
-104.985 39.7392
-105.94 35.6822
-112.097 33.4481
-157.857 21.3074
-134.42 58.3016
-122.905 47.0358
-123.03 44.9385
-121.494 38.5767
-119.766 39.1639
-111.888 40.7775
-116.2 43.6178
-112.018 46.5857
-100.783 46.8209
-100.346 44.367
-93.6037 41.5911
-93.1022 44.9551
-89.3844 43.0747
-86.1626 39.7686
-84.5553 42.7336
-82.9991 39.9613
-84.8754 38.1867
-86.7842 36.1658
-81.6123 38.3362
-81.0332 34.0003
-84.3882 33.749
-84.2813 30.4381
-78.6391 35.7804
-77.4336 37.5389
-76.4909 38.9788
-75.5197 39.1573
-76.8836 40.2644
-74.7699 40.2206
-73.7579 42.6528
-72.6822 41.764
-71.415 41.8309
-71.0637 42.3582
-69.7817 44.3072
-71.538 43.2069
-72.5805 44.2624
-86.3006 32.3777

Generation 460
Best distance: 300.801
Best path:
-86.3006 32.3777
-84.3882 33.749
-81.0332 34.0003
-81.6123 38.3362
-82.9991 39.9613
-84.5553 42.7336
-84.8754 38.1867
-86.7842 36.1658
-86.1626 39.7686
-89.3844 43.0747
-93.1022 44.9551
-93.6037 41.5911
-100.346 44.367
-100.783 46.8209
-112.018 46.5857
-116.2 43.6178
-111.888 40.7775
-119.766 39.1639
-121.494 38.5767
-123.03 44.9385
-122.905 47.0358
-134.42 58.3016
-157.857 21.3074
-112.097 33.4481
-105.94 35.6822
-104.985 39.7392
-97.7403 30.2747
-97.5033 35.4922
-96.6997 40.8081
-95.678 39.0482
-92.1729 38.5792
-89.655 39.7984
-92.289 34.7466
-91.1874 30.4571
-90.1821 32.3038
-84.2813 30.4381
-78.6391 35.7804
-77.4336 37.5389
-76.4909 38.9788
-75.5197 39.1573
-74.7699 40.2206
-73.7579 42.6528
-72.6822 41.764
-71.415 41.8309
-69.7817 44.3072
-71.0637 42.3582
-71.538 43.2069
-72.5805 44.2624
-76.8836 40.2644
-86.3006 32.3777

Generation 470
Best distance: 299.454
Best path:
-86.3006 32.3777
-90.1821 32.3038
-91.1874 30.4571
-92.289 34.7466
-89.655 39.7984
-92.1729 38.5792
-95.678 39.0482
-96.6997 40.8081
-97.5033 35.4922
-97.7403 30.2747
-104.985 39.7392
-105.94 35.6822
-112.097 33.4481
-157.857 21.3074
-134.42 58.3016
-122.905 47.0358
-123.03 44.9385
-121.494 38.5767
-119.766 39.1639
-111.888 40.7775
-116.2 43.6178
-112.018 46.5857
-100.783 46.8209
-100.346 44.367
-93.6037 41.5911
-93.1022 44.9551
-89.3844 43.0747
-86.1626 39.7686
-86.7842 36.1658
-84.8754 38.1867
-84.5553 42.7336
-82.9991 39.9613
-81.6123 38.3362
-81.0332 34.0003
-84.3882 33.749
-84.2813 30.4381
-78.6391 35.7804
-77.4336 37.5389
-76.4909 38.9788
-75.5197 39.1573
-74.7699 40.2206
-73.7579 42.6528
-72.6822 41.764
-71.415 41.8309
-69.7817 44.3072
-71.0637 42.3582
-71.538 43.2069
-72.5805 44.2624
-76.8836 40.2644
-86.3006 32.3777

Generation 480
Best distance: 298.45
Best path:
-86.3006 32.3777
-90.1821 32.3038
-91.1874 30.4571
-92.289 34.7466
-89.655 39.7984
-86.1626 39.7686
-84.8754 38.1867
-86.7842 36.1658
-92.1729 38.5792
-95.678 39.0482
-96.6997 40.8081
-97.5033 35.4922
-97.7403 30.2747
-104.985 39.7392
-105.94 35.6822
-112.097 33.4481
-157.857 21.3074
-134.42 58.3016
-122.905 47.0358
-123.03 44.9385
-121.494 38.5767
-119.766 39.1639
-116.2 43.6178
-111.888 40.7775
-112.018 46.5857
-100.783 46.8209
-100.346 44.367
-93.6037 41.5911
-93.1022 44.9551
-89.3844 43.0747
-84.5553 42.7336
-82.9991 39.9613
-81.6123 38.3362
-81.0332 34.0003
-84.3882 33.749
-84.2813 30.4381
-78.6391 35.7804
-77.4336 37.5389
-76.4909 38.9788
-75.5197 39.1573
-74.7699 40.2206
-73.7579 42.6528
-72.6822 41.764
-71.415 41.8309
-69.7817 44.3072
-71.0637 42.3582
-71.538 43.2069
-72.5805 44.2624
-76.8836 40.2644
-86.3006 32.3777

Generation 490
Best distance: 297.758
Best path:
-86.3006 32.3777
-90.1821 32.3038
-91.1874 30.4571
-92.289 34.7466
-86.7842 36.1658
-86.1626 39.7686
-84.8754 38.1867
-89.655 39.7984
-92.1729 38.5792
-95.678 39.0482
-96.6997 40.8081
-97.5033 35.4922
-97.7403 30.2747
-104.985 39.7392
-105.94 35.6822
-112.097 33.4481
-157.857 21.3074
-134.42 58.3016
-122.905 47.0358
-123.03 44.9385
-121.494 38.5767
-119.766 39.1639
-116.2 43.6178
-111.888 40.7775
-112.018 46.5857
-100.783 46.8209
-100.346 44.367
-93.6037 41.5911
-93.1022 44.9551
-89.3844 43.0747
-84.5553 42.7336
-82.9991 39.9613
-81.6123 38.3362
-81.0332 34.0003
-84.3882 33.749
-84.2813 30.4381
-78.6391 35.7804
-77.4336 37.5389
-76.4909 38.9788
-75.5197 39.1573
-74.7699 40.2206
-73.7579 42.6528
-72.6822 41.764
-71.415 41.8309
-69.7817 44.3072
-71.0637 42.3582
-71.538 43.2069
-72.5805 44.2624
-76.8836 40.2644
-86.3006 32.3777

Generation 500
Best distance: 297.758
Best path:
-86.3006 32.3777
-90.1821 32.3038
-91.1874 30.4571
-92.289 34.7466
-86.7842 36.1658
-86.1626 39.7686
-84.8754 38.1867
-89.655 39.7984
-92.1729 38.5792
-95.678 39.0482
-96.6997 40.8081
-97.5033 35.4922
-97.7403 30.2747
-104.985 39.7392
-105.94 35.6822
-112.097 33.4481
-157.857 21.3074
-134.42 58.3016
-122.905 47.0358
-123.03 44.9385
-121.494 38.5767
-119.766 39.1639
-116.2 43.6178
-111.888 40.7775
-112.018 46.5857
-100.783 46.8209
-100.346 44.367
-93.6037 41.5911
-93.1022 44.9551
-89.3844 43.0747
-84.5553 42.7336
-82.9991 39.9613
-81.6123 38.3362
-81.0332 34.0003
-84.3882 33.749
-84.2813 30.4381
-78.6391 35.7804
-77.4336 37.5389
-76.4909 38.9788
-75.5197 39.1573
-74.7699 40.2206
-73.7579 42.6528
-72.6822 41.764
-71.415 41.8309
-69.7817 44.3072
-71.0637 42.3582
-71.538 43.2069
-72.5805 44.2624
-76.8836 40.2644
-86.3006 32.3777

Generation 510
Best distance: 297.124
Best path:
-86.3006 32.3777
-84.2813 30.4381
-91.1874 30.4571
-90.1821 32.3038
-92.289 34.7466
-86.7842 36.1658
-86.1626 39.7686
-84.8754 38.1867
-89.655 39.7984
-92.1729 38.5792
-95.678 39.0482
-96.6997 40.8081
-97.5033 35.4922
-97.7403 30.2747
-104.985 39.7392
-105.94 35.6822
-112.097 33.4481
-157.857 21.3074
-134.42 58.3016
-122.905 47.0358
-123.03 44.9385
-121.494 38.5767
-119.766 39.1639
-116.2 43.6178
-111.888 40.7775
-112.018 46.5857
-100.783 46.8209
-100.346 44.367
-93.6037 41.5911
-93.1022 44.9551
-89.3844 43.0747
-84.5553 42.7336
-82.9991 39.9613
-81.6123 38.3362
-81.0332 34.0003
-84.3882 33.749
-78.6391 35.7804
-77.4336 37.5389
-76.4909 38.9788
-75.5197 39.1573
-74.7699 40.2206
-73.7579 42.6528
-72.6822 41.764
-71.415 41.8309
-71.538 43.2069
-71.0637 42.3582
-69.7817 44.3072
-72.5805 44.2624
-76.8836 40.2644
-86.3006 32.3777

Generation 520
Best distance: 296.116
Best path:
-86.3006 32.3777
-84.2813 30.4381
-91.1874 30.4571
-90.1821 32.3038
-92.289 34.7466
-86.7842 36.1658
-86.1626 39.7686
-84.8754 38.1867
-89.655 39.7984
-92.1729 38.5792
-95.678 39.0482
-96.6997 40.8081
-97.5033 35.4922
-97.7403 30.2747
-104.985 39.7392
-105.94 35.6822
-112.097 33.4481
-157.857 21.3074
-134.42 58.3016
-122.905 47.0358
-123.03 44.9385
-121.494 38.5767
-119.766 39.1639
-116.2 43.6178
-111.888 40.7775
-112.018 46.5857
-100.783 46.8209
-100.346 44.367
-93.6037 41.5911
-93.1022 44.9551
-89.3844 43.0747
-84.5553 42.7336
-82.9991 39.9613
-81.6123 38.3362
-81.0332 34.0003
-84.3882 33.749
-78.6391 35.7804
-77.4336 37.5389
-76.4909 38.9788
-75.5197 39.1573
-74.7699 40.2206
-73.7579 42.6528
-72.6822 41.764
-71.415 41.8309
-71.0637 42.3582
-71.538 43.2069
-69.7817 44.3072
-72.5805 44.2624
-76.8836 40.2644
-86.3006 32.3777

Generation 530
Best distance: 296.116
Best path:
-86.3006 32.3777
-84.2813 30.4381
-91.1874 30.4571
-90.1821 32.3038
-92.289 34.7466
-86.7842 36.1658
-86.1626 39.7686
-84.8754 38.1867
-89.655 39.7984
-92.1729 38.5792
-95.678 39.0482
-96.6997 40.8081
-97.5033 35.4922
-97.7403 30.2747
-104.985 39.7392
-105.94 35.6822
-112.097 33.4481
-157.857 21.3074
-134.42 58.3016
-122.905 47.0358
-123.03 44.9385
-121.494 38.5767
-119.766 39.1639
-116.2 43.6178
-111.888 40.7775
-112.018 46.5857
-100.783 46.8209
-100.346 44.367
-93.6037 41.5911
-93.1022 44.9551
-89.3844 43.0747
-84.5553 42.7336
-82.9991 39.9613
-81.6123 38.3362
-81.0332 34.0003
-84.3882 33.749
-78.6391 35.7804
-77.4336 37.5389
-76.4909 38.9788
-75.5197 39.1573
-74.7699 40.2206
-73.7579 42.6528
-72.6822 41.764
-71.415 41.8309
-71.0637 42.3582
-71.538 43.2069
-69.7817 44.3072
-72.5805 44.2624
-76.8836 40.2644
-86.3006 32.3777

Generation 540
Best distance: 296.116
Best path:
-86.3006 32.3777
-84.2813 30.4381
-91.1874 30.4571
-90.1821 32.3038
-92.289 34.7466
-86.7842 36.1658
-86.1626 39.7686
-84.8754 38.1867
-89.655 39.7984
-92.1729 38.5792
-95.678 39.0482
-96.6997 40.8081
-97.5033 35.4922
-97.7403 30.2747
-104.985 39.7392
-105.94 35.6822
-112.097 33.4481
-157.857 21.3074
-134.42 58.3016
-122.905 47.0358
-123.03 44.9385
-121.494 38.5767
-119.766 39.1639
-116.2 43.6178
-111.888 40.7775
-112.018 46.5857
-100.783 46.8209
-100.346 44.367
-93.6037 41.5911
-93.1022 44.9551
-89.3844 43.0747
-84.5553 42.7336
-82.9991 39.9613
-81.6123 38.3362
-81.0332 34.0003
-84.3882 33.749
-78.6391 35.7804
-77.4336 37.5389
-76.4909 38.9788
-75.5197 39.1573
-74.7699 40.2206
-73.7579 42.6528
-72.6822 41.764
-71.415 41.8309
-71.0637 42.3582
-71.538 43.2069
-69.7817 44.3072
-72.5805 44.2624
-76.8836 40.2644
-86.3006 32.3777

Generation 550
Best distance: 296.116
Best path:
-86.3006 32.3777
-84.2813 30.4381
-91.1874 30.4571
-90.1821 32.3038
-92.289 34.7466
-86.7842 36.1658
-86.1626 39.7686
-84.8754 38.1867
-89.655 39.7984
-92.1729 38.5792
-95.678 39.0482
-96.6997 40.8081
-97.5033 35.4922
-97.7403 30.2747
-104.985 39.7392
-105.94 35.6822
-112.097 33.4481
-157.857 21.3074
-134.42 58.3016
-122.905 47.0358
-123.03 44.9385
-121.494 38.5767
-119.766 39.1639
-116.2 43.6178
-111.888 40.7775
-112.018 46.5857
-100.783 46.8209
-100.346 44.367
-93.6037 41.5911
-93.1022 44.9551
-89.3844 43.0747
-84.5553 42.7336
-82.9991 39.9613
-81.6123 38.3362
-81.0332 34.0003
-84.3882 33.749
-78.6391 35.7804
-77.4336 37.5389
-76.4909 38.9788
-75.5197 39.1573
-74.7699 40.2206
-73.7579 42.6528
-72.6822 41.764
-71.415 41.8309
-71.0637 42.3582
-71.538 43.2069
-69.7817 44.3072
-72.5805 44.2624
-76.8836 40.2644
-86.3006 32.3777

Generation 560
Best distance: 296.116
Best path:
-86.3006 32.3777
-84.2813 30.4381
-91.1874 30.4571
-90.1821 32.3038
-92.289 34.7466
-86.7842 36.1658
-86.1626 39.7686
-84.8754 38.1867
-89.655 39.7984
-92.1729 38.5792
-95.678 39.0482
-96.6997 40.8081
-97.5033 35.4922
-97.7403 30.2747
-104.985 39.7392
-105.94 35.6822
-112.097 33.4481
-157.857 21.3074
-134.42 58.3016
-122.905 47.0358
-123.03 44.9385
-121.494 38.5767
-119.766 39.1639
-116.2 43.6178
-111.888 40.7775
-112.018 46.5857
-100.783 46.8209
-100.346 44.367
-93.6037 41.5911
-93.1022 44.9551
-89.3844 43.0747
-84.5553 42.7336
-82.9991 39.9613
-81.6123 38.3362
-81.0332 34.0003
-84.3882 33.749
-78.6391 35.7804
-77.4336 37.5389
-76.4909 38.9788
-75.5197 39.1573
-74.7699 40.2206
-73.7579 42.6528
-72.6822 41.764
-71.415 41.8309
-71.0637 42.3582
-71.538 43.2069
-69.7817 44.3072
-72.5805 44.2624
-76.8836 40.2644
-86.3006 32.3777

Generation 570
Best distance: 296.116
Best path:
-86.3006 32.3777
-84.2813 30.4381
-91.1874 30.4571
-90.1821 32.3038
-92.289 34.7466
-86.7842 36.1658
-86.1626 39.7686
-84.8754 38.1867
-89.655 39.7984
-92.1729 38.5792
-95.678 39.0482
-96.6997 40.8081
-97.5033 35.4922
-97.7403 30.2747
-104.985 39.7392
-105.94 35.6822
-112.097 33.4481
-157.857 21.3074
-134.42 58.3016
-122.905 47.0358
-123.03 44.9385
-121.494 38.5767
-119.766 39.1639
-116.2 43.6178
-111.888 40.7775
-112.018 46.5857
-100.783 46.8209
-100.346 44.367
-93.6037 41.5911
-93.1022 44.9551
-89.3844 43.0747
-84.5553 42.7336
-82.9991 39.9613
-81.6123 38.3362
-81.0332 34.0003
-84.3882 33.749
-78.6391 35.7804
-77.4336 37.5389
-76.4909 38.9788
-75.5197 39.1573
-74.7699 40.2206
-73.7579 42.6528
-72.6822 41.764
-71.415 41.8309
-71.0637 42.3582
-71.538 43.2069
-69.7817 44.3072
-72.5805 44.2624
-76.8836 40.2644
-86.3006 32.3777

Generation 580
Best distance: 296.116
Best path:
-86.3006 32.3777
-84.2813 30.4381
-91.1874 30.4571
-90.1821 32.3038
-92.289 34.7466
-86.7842 36.1658
-86.1626 39.7686
-84.8754 38.1867
-89.655 39.7984
-92.1729 38.5792
-95.678 39.0482
-96.6997 40.8081
-97.5033 35.4922
-97.7403 30.2747
-104.985 39.7392
-105.94 35.6822
-112.097 33.4481
-157.857 21.3074
-134.42 58.3016
-122.905 47.0358
-123.03 44.9385
-121.494 38.5767
-119.766 39.1639
-116.2 43.6178
-111.888 40.7775
-112.018 46.5857
-100.783 46.8209
-100.346 44.367
-93.6037 41.5911
-93.1022 44.9551
-89.3844 43.0747
-84.5553 42.7336
-82.9991 39.9613
-81.6123 38.3362
-81.0332 34.0003
-84.3882 33.749
-78.6391 35.7804
-77.4336 37.5389
-76.4909 38.9788
-75.5197 39.1573
-74.7699 40.2206
-73.7579 42.6528
-72.6822 41.764
-71.415 41.8309
-71.0637 42.3582
-71.538 43.2069
-69.7817 44.3072
-72.5805 44.2624
-76.8836 40.2644
-86.3006 32.3777

Generation 590
Best distance: 296.116
Best path:
-86.3006 32.3777
-84.2813 30.4381
-91.1874 30.4571
-90.1821 32.3038
-92.289 34.7466
-86.7842 36.1658
-86.1626 39.7686
-84.8754 38.1867
-89.655 39.7984
-92.1729 38.5792
-95.678 39.0482
-96.6997 40.8081
-97.5033 35.4922
-97.7403 30.2747
-104.985 39.7392
-105.94 35.6822
-112.097 33.4481
-157.857 21.3074
-134.42 58.3016
-122.905 47.0358
-123.03 44.9385
-121.494 38.5767
-119.766 39.1639
-116.2 43.6178
-111.888 40.7775
-112.018 46.5857
-100.783 46.8209
-100.346 44.367
-93.6037 41.5911
-93.1022 44.9551
-89.3844 43.0747
-84.5553 42.7336
-82.9991 39.9613
-81.6123 38.3362
-81.0332 34.0003
-84.3882 33.749
-78.6391 35.7804
-77.4336 37.5389
-76.4909 38.9788
-75.5197 39.1573
-74.7699 40.2206
-73.7579 42.6528
-72.6822 41.764
-71.415 41.8309
-71.0637 42.3582
-71.538 43.2069
-69.7817 44.3072
-72.5805 44.2624
-76.8836 40.2644
-86.3006 32.3777

Generation 600
Best distance: 294.914
Best path:
-86.3006 32.3777
-84.3882 33.749
-81.0332 34.0003
-81.6123 38.3362
-82.9991 39.9613
-84.5553 42.7336
-89.3844 43.0747
-93.1022 44.9551
-93.6037 41.5911
-100.346 44.367
-100.783 46.8209
-112.018 46.5857
-111.888 40.7775
-116.2 43.6178
-119.766 39.1639
-121.494 38.5767
-123.03 44.9385
-122.905 47.0358
-134.42 58.3016
-157.857 21.3074
-112.097 33.4481
-105.94 35.6822
-104.985 39.7392
-97.7403 30.2747
-97.5033 35.4922
-96.6997 40.8081
-95.678 39.0482
-92.1729 38.5792
-89.655 39.7984
-86.1626 39.7686
-84.8754 38.1867
-86.7842 36.1658
-92.289 34.7466
-90.1821 32.3038
-91.1874 30.4571
-84.2813 30.4381
-78.6391 35.7804
-77.4336 37.5389
-76.4909 38.9788
-75.5197 39.1573
-74.7699 40.2206
-73.7579 42.6528
-72.6822 41.764
-71.415 41.8309
-71.0637 42.3582
-71.538 43.2069
-69.7817 44.3072
-72.5805 44.2624
-76.8836 40.2644
-86.3006 32.3777

Generation 610
Best distance: 293.688
Best path:
-86.3006 32.3777
-84.2813 30.4381
-91.1874 30.4571
-90.1821 32.3038
-92.289 34.7466
-86.7842 36.1658
-84.8754 38.1867
-86.1626 39.7686
-89.655 39.7984
-92.1729 38.5792
-95.678 39.0482
-96.6997 40.8081
-97.5033 35.4922
-97.7403 30.2747
-104.985 39.7392
-105.94 35.6822
-112.097 33.4481
-157.857 21.3074
-134.42 58.3016
-122.905 47.0358
-123.03 44.9385
-121.494 38.5767
-119.766 39.1639
-116.2 43.6178
-111.888 40.7775
-112.018 46.5857
-100.783 46.8209
-100.346 44.367
-93.6037 41.5911
-93.1022 44.9551
-89.3844 43.0747
-84.5553 42.7336
-82.9991 39.9613
-81.6123 38.3362
-81.0332 34.0003
-84.3882 33.749
-78.6391 35.7804
-77.4336 37.5389
-76.4909 38.9788
-75.5197 39.1573
-74.7699 40.2206
-73.7579 42.6528
-72.6822 41.764
-71.415 41.8309
-71.0637 42.3582
-71.538 43.2069
-69.7817 44.3072
-72.5805 44.2624
-76.8836 40.2644
-86.3006 32.3777

Generation 620
Best distance: 293.688
Best path:
-86.3006 32.3777
-84.2813 30.4381
-91.1874 30.4571
-90.1821 32.3038
-92.289 34.7466
-86.7842 36.1658
-84.8754 38.1867
-86.1626 39.7686
-89.655 39.7984
-92.1729 38.5792
-95.678 39.0482
-96.6997 40.8081
-97.5033 35.4922
-97.7403 30.2747
-104.985 39.7392
-105.94 35.6822
-112.097 33.4481
-157.857 21.3074
-134.42 58.3016
-122.905 47.0358
-123.03 44.9385
-121.494 38.5767
-119.766 39.1639
-116.2 43.6178
-111.888 40.7775
-112.018 46.5857
-100.783 46.8209
-100.346 44.367
-93.6037 41.5911
-93.1022 44.9551
-89.3844 43.0747
-84.5553 42.7336
-82.9991 39.9613
-81.6123 38.3362
-81.0332 34.0003
-84.3882 33.749
-78.6391 35.7804
-77.4336 37.5389
-76.4909 38.9788
-75.5197 39.1573
-74.7699 40.2206
-73.7579 42.6528
-72.6822 41.764
-71.415 41.8309
-71.0637 42.3582
-71.538 43.2069
-69.7817 44.3072
-72.5805 44.2624
-76.8836 40.2644
-86.3006 32.3777

Generation 630
Best distance: 293.688
Best path:
-86.3006 32.3777
-84.2813 30.4381
-91.1874 30.4571
-90.1821 32.3038
-92.289 34.7466
-86.7842 36.1658
-84.8754 38.1867
-86.1626 39.7686
-89.655 39.7984
-92.1729 38.5792
-95.678 39.0482
-96.6997 40.8081
-97.5033 35.4922
-97.7403 30.2747
-104.985 39.7392
-105.94 35.6822
-112.097 33.4481
-157.857 21.3074
-134.42 58.3016
-122.905 47.0358
-123.03 44.9385
-121.494 38.5767
-119.766 39.1639
-116.2 43.6178
-111.888 40.7775
-112.018 46.5857
-100.783 46.8209
-100.346 44.367
-93.6037 41.5911
-93.1022 44.9551
-89.3844 43.0747
-84.5553 42.7336
-82.9991 39.9613
-81.6123 38.3362
-81.0332 34.0003
-84.3882 33.749
-78.6391 35.7804
-77.4336 37.5389
-76.4909 38.9788
-75.5197 39.1573
-74.7699 40.2206
-73.7579 42.6528
-72.6822 41.764
-71.415 41.8309
-71.0637 42.3582
-71.538 43.2069
-69.7817 44.3072
-72.5805 44.2624
-76.8836 40.2644
-86.3006 32.3777

Generation 640
Best distance: 292.098
Best path:
-86.3006 32.3777
-84.3882 33.749
-81.0332 34.0003
-81.6123 38.3362
-82.9991 39.9613
-84.5553 42.7336
-89.3844 43.0747
-93.1022 44.9551
-93.6037 41.5911
-100.346 44.367
-100.783 46.8209
-112.018 46.5857
-111.888 40.7775
-116.2 43.6178
-123.03 44.9385
-122.905 47.0358
-134.42 58.3016
-157.857 21.3074
-121.494 38.5767
-119.766 39.1639
-112.097 33.4481
-105.94 35.6822
-104.985 39.7392
-97.7403 30.2747
-97.5033 35.4922
-96.6997 40.8081
-95.678 39.0482
-92.1729 38.5792
-89.655 39.7984
-86.1626 39.7686
-84.8754 38.1867
-86.7842 36.1658
-92.289 34.7466
-90.1821 32.3038
-91.1874 30.4571
-84.2813 30.4381
-78.6391 35.7804
-77.4336 37.5389
-76.4909 38.9788
-75.5197 39.1573
-74.7699 40.2206
-73.7579 42.6528
-72.6822 41.764
-71.415 41.8309
-71.0637 42.3582
-71.538 43.2069
-69.7817 44.3072
-72.5805 44.2624
-76.8836 40.2644
-86.3006 32.3777

Generation 650
Best distance: 293.688
Best path:
-86.3006 32.3777
-84.2813 30.4381
-91.1874 30.4571
-90.1821 32.3038
-92.289 34.7466
-86.7842 36.1658
-84.8754 38.1867
-86.1626 39.7686
-89.655 39.7984
-92.1729 38.5792
-95.678 39.0482
-96.6997 40.8081
-97.5033 35.4922
-97.7403 30.2747
-104.985 39.7392
-105.94 35.6822
-112.097 33.4481
-157.857 21.3074
-134.42 58.3016
-122.905 47.0358
-123.03 44.9385
-121.494 38.5767
-119.766 39.1639
-116.2 43.6178
-111.888 40.7775
-112.018 46.5857
-100.783 46.8209
-100.346 44.367
-93.6037 41.5911
-93.1022 44.9551
-89.3844 43.0747
-84.5553 42.7336
-82.9991 39.9613
-81.6123 38.3362
-81.0332 34.0003
-84.3882 33.749
-78.6391 35.7804
-77.4336 37.5389
-76.4909 38.9788
-75.5197 39.1573
-74.7699 40.2206
-73.7579 42.6528
-72.6822 41.764
-71.415 41.8309
-71.0637 42.3582
-71.538 43.2069
-69.7817 44.3072
-72.5805 44.2624
-76.8836 40.2644
-86.3006 32.3777

Generation 660
Best distance: 294.218
Best path:
-86.3006 32.3777
-91.1874 30.4571
-90.1821 32.3038
-92.289 34.7466
-86.7842 36.1658
-84.8754 38.1867
-86.1626 39.7686
-89.655 39.7984
-92.1729 38.5792
-95.678 39.0482
-96.6997 40.8081
-97.5033 35.4922
-97.7403 30.2747
-104.985 39.7392
-105.94 35.6822
-112.097 33.4481
-157.857 21.3074
-134.42 58.3016
-122.905 47.0358
-123.03 44.9385
-121.494 38.5767
-119.766 39.1639
-116.2 43.6178
-111.888 40.7775
-112.018 46.5857
-100.783 46.8209
-100.346 44.367
-93.6037 41.5911
-93.1022 44.9551
-89.3844 43.0747
-84.5553 42.7336
-82.9991 39.9613
-81.6123 38.3362
-81.0332 34.0003
-84.3882 33.749
-84.2813 30.4381
-78.6391 35.7804
-77.4336 37.5389
-76.4909 38.9788
-75.5197 39.1573
-74.7699 40.2206
-73.7579 42.6528
-72.6822 41.764
-71.415 41.8309
-71.0637 42.3582
-71.538 43.2069
-69.7817 44.3072
-72.5805 44.2624
-76.8836 40.2644
-86.3006 32.3777

Generation 670
Best distance: 293.688
Best path:
-86.3006 32.3777
-84.2813 30.4381
-91.1874 30.4571
-90.1821 32.3038
-92.289 34.7466
-86.7842 36.1658
-84.8754 38.1867
-86.1626 39.7686
-89.655 39.7984
-92.1729 38.5792
-95.678 39.0482
-96.6997 40.8081
-97.5033 35.4922
-97.7403 30.2747
-104.985 39.7392
-105.94 35.6822
-112.097 33.4481
-157.857 21.3074
-134.42 58.3016
-122.905 47.0358
-123.03 44.9385
-121.494 38.5767
-119.766 39.1639
-116.2 43.6178
-111.888 40.7775
-112.018 46.5857
-100.783 46.8209
-100.346 44.367
-93.6037 41.5911
-93.1022 44.9551
-89.3844 43.0747
-84.5553 42.7336
-82.9991 39.9613
-81.6123 38.3362
-81.0332 34.0003
-84.3882 33.749
-78.6391 35.7804
-77.4336 37.5389
-76.4909 38.9788
-75.5197 39.1573
-74.7699 40.2206
-73.7579 42.6528
-72.6822 41.764
-71.415 41.8309
-71.0637 42.3582
-71.538 43.2069
-69.7817 44.3072
-72.5805 44.2624
-76.8836 40.2644
-86.3006 32.3777

Generation 680
Best distance: 293.688
Best path:
-86.3006 32.3777
-84.2813 30.4381
-91.1874 30.4571
-90.1821 32.3038
-92.289 34.7466
-86.7842 36.1658
-84.8754 38.1867
-86.1626 39.7686
-89.655 39.7984
-92.1729 38.5792
-95.678 39.0482
-96.6997 40.8081
-97.5033 35.4922
-97.7403 30.2747
-104.985 39.7392
-105.94 35.6822
-112.097 33.4481
-157.857 21.3074
-134.42 58.3016
-122.905 47.0358
-123.03 44.9385
-121.494 38.5767
-119.766 39.1639
-116.2 43.6178
-111.888 40.7775
-112.018 46.5857
-100.783 46.8209
-100.346 44.367
-93.6037 41.5911
-93.1022 44.9551
-89.3844 43.0747
-84.5553 42.7336
-82.9991 39.9613
-81.6123 38.3362
-81.0332 34.0003
-84.3882 33.749
-78.6391 35.7804
-77.4336 37.5389
-76.4909 38.9788
-75.5197 39.1573
-74.7699 40.2206
-73.7579 42.6528
-72.6822 41.764
-71.415 41.8309
-71.0637 42.3582
-71.538 43.2069
-69.7817 44.3072
-72.5805 44.2624
-76.8836 40.2644
-86.3006 32.3777

Generation 690
Best distance: 293.688
Best path:
-86.3006 32.3777
-84.2813 30.4381
-91.1874 30.4571
-90.1821 32.3038
-92.289 34.7466
-86.7842 36.1658
-84.8754 38.1867
-86.1626 39.7686
-89.655 39.7984
-92.1729 38.5792
-95.678 39.0482
-96.6997 40.8081
-97.5033 35.4922
-97.7403 30.2747
-104.985 39.7392
-105.94 35.6822
-112.097 33.4481
-157.857 21.3074
-134.42 58.3016
-122.905 47.0358
-123.03 44.9385
-121.494 38.5767
-119.766 39.1639
-116.2 43.6178
-111.888 40.7775
-112.018 46.5857
-100.783 46.8209
-100.346 44.367
-93.6037 41.5911
-93.1022 44.9551
-89.3844 43.0747
-84.5553 42.7336
-82.9991 39.9613
-81.6123 38.3362
-81.0332 34.0003
-84.3882 33.749
-78.6391 35.7804
-77.4336 37.5389
-76.4909 38.9788
-75.5197 39.1573
-74.7699 40.2206
-73.7579 42.6528
-72.6822 41.764
-71.415 41.8309
-71.0637 42.3582
-71.538 43.2069
-69.7817 44.3072
-72.5805 44.2624
-76.8836 40.2644
-86.3006 32.3777

Generation 700
Best distance: 293.688
Best path:
-86.3006 32.3777
-84.2813 30.4381
-91.1874 30.4571
-90.1821 32.3038
-92.289 34.7466
-86.7842 36.1658
-84.8754 38.1867
-86.1626 39.7686
-89.655 39.7984
-92.1729 38.5792
-95.678 39.0482
-96.6997 40.8081
-97.5033 35.4922
-97.7403 30.2747
-104.985 39.7392
-105.94 35.6822
-112.097 33.4481
-157.857 21.3074
-134.42 58.3016
-122.905 47.0358
-123.03 44.9385
-121.494 38.5767
-119.766 39.1639
-116.2 43.6178
-111.888 40.7775
-112.018 46.5857
-100.783 46.8209
-100.346 44.367
-93.6037 41.5911
-93.1022 44.9551
-89.3844 43.0747
-84.5553 42.7336
-82.9991 39.9613
-81.6123 38.3362
-81.0332 34.0003
-84.3882 33.749
-78.6391 35.7804
-77.4336 37.5389
-76.4909 38.9788
-75.5197 39.1573
-74.7699 40.2206
-73.7579 42.6528
-72.6822 41.764
-71.415 41.8309
-71.0637 42.3582
-71.538 43.2069
-69.7817 44.3072
-72.5805 44.2624
-76.8836 40.2644
-86.3006 32.3777

Generation 710
Best distance: 293.87
Best path:
-86.3006 32.3777
-84.3882 33.749
-81.0332 34.0003
-81.6123 38.3362
-82.9991 39.9613
-84.5553 42.7336
-89.3844 43.0747
-93.1022 44.9551
-93.6037 41.5911
-100.346 44.367
-100.783 46.8209
-112.018 46.5857
-111.888 40.7775
-116.2 43.6178
-119.766 39.1639
-121.494 38.5767
-123.03 44.9385
-122.905 47.0358
-134.42 58.3016
-157.857 21.3074
-112.097 33.4481
-105.94 35.6822
-104.985 39.7392
-97.7403 30.2747
-97.5033 35.4922
-96.6997 40.8081
-95.678 39.0482
-92.1729 38.5792
-89.655 39.7984
-86.1626 39.7686
-84.8754 38.1867
-86.7842 36.1658
-76.8836 40.2644
-72.5805 44.2624
-69.7817 44.3072
-71.538 43.2069
-71.0637 42.3582
-71.415 41.8309
-72.6822 41.764
-73.7579 42.6528
-74.7699 40.2206
-75.5197 39.1573
-76.4909 38.9788
-77.4336 37.5389
-78.6391 35.7804
-84.2813 30.4381
-91.1874 30.4571
-92.289 34.7466
-90.1821 32.3038
-86.3006 32.3777

Generation 720
Best distance: 293.688
Best path:
-86.3006 32.3777
-84.2813 30.4381
-91.1874 30.4571
-90.1821 32.3038
-92.289 34.7466
-86.7842 36.1658
-84.8754 38.1867
-86.1626 39.7686
-89.655 39.7984
-92.1729 38.5792
-95.678 39.0482
-96.6997 40.8081
-97.5033 35.4922
-97.7403 30.2747
-104.985 39.7392
-105.94 35.6822
-112.097 33.4481
-157.857 21.3074
-134.42 58.3016
-122.905 47.0358
-123.03 44.9385
-121.494 38.5767
-119.766 39.1639
-116.2 43.6178
-111.888 40.7775
-112.018 46.5857
-100.783 46.8209
-100.346 44.367
-93.6037 41.5911
-93.1022 44.9551
-89.3844 43.0747
-84.5553 42.7336
-82.9991 39.9613
-81.6123 38.3362
-81.0332 34.0003
-84.3882 33.749
-78.6391 35.7804
-77.4336 37.5389
-76.4909 38.9788
-75.5197 39.1573
-74.7699 40.2206
-73.7579 42.6528
-72.6822 41.764
-71.415 41.8309
-71.0637 42.3582
-71.538 43.2069
-69.7817 44.3072
-72.5805 44.2624
-76.8836 40.2644
-86.3006 32.3777

Generation 730
Best distance: 293.629
Best path:
-86.3006 32.3777
-84.2813 30.4381
-91.1874 30.4571
-90.1821 32.3038
-92.289 34.7466
-86.7842 36.1658
-84.8754 38.1867
-86.1626 39.7686
-89.655 39.7984
-92.1729 38.5792
-95.678 39.0482
-96.6997 40.8081
-97.5033 35.4922
-97.7403 30.2747
-104.985 39.7392
-105.94 35.6822
-112.097 33.4481
-157.857 21.3074
-134.42 58.3016
-122.905 47.0358
-123.03 44.9385
-121.494 38.5767
-119.766 39.1639
-116.2 43.6178
-111.888 40.7775
-112.018 46.5857
-100.783 46.8209
-100.346 44.367
-93.6037 41.5911
-93.1022 44.9551
-89.3844 43.0747
-84.5553 42.7336
-82.9991 39.9613
-81.6123 38.3362
-81.0332 34.0003
-84.3882 33.749
-76.8836 40.2644
-72.5805 44.2624
-69.7817 44.3072
-71.538 43.2069
-71.0637 42.3582
-71.415 41.8309
-72.6822 41.764
-73.7579 42.6528
-74.7699 40.2206
-75.5197 39.1573
-76.4909 38.9788
-77.4336 37.5389
-78.6391 35.7804
-86.3006 32.3777

Generation 740
Best distance: 293.029
Best path:
-86.3006 32.3777
-84.3882 33.749
-81.0332 34.0003
-81.6123 38.3362
-82.9991 39.9613
-84.5553 42.7336
-89.3844 43.0747
-93.1022 44.9551
-93.6037 41.5911
-100.346 44.367
-100.783 46.8209
-112.018 46.5857
-111.888 40.7775
-116.2 43.6178
-119.766 39.1639
-121.494 38.5767
-123.03 44.9385
-122.905 47.0358
-134.42 58.3016
-157.857 21.3074
-112.097 33.4481
-105.94 35.6822
-104.985 39.7392
-97.7403 30.2747
-97.5033 35.4922
-96.6997 40.8081
-95.678 39.0482
-92.1729 38.5792
-89.655 39.7984
-86.1626 39.7686
-86.7842 36.1658
-84.8754 38.1867
-76.8836 40.2644
-72.5805 44.2624
-69.7817 44.3072
-71.538 43.2069
-71.0637 42.3582
-71.415 41.8309
-72.6822 41.764
-73.7579 42.6528
-74.7699 40.2206
-75.5197 39.1573
-76.4909 38.9788
-77.4336 37.5389
-78.6391 35.7804
-84.2813 30.4381
-91.1874 30.4571
-92.289 34.7466
-90.1821 32.3038
-86.3006 32.3777

Generation 750
Best distance: 293.029
Best path:
-86.3006 32.3777
-84.3882 33.749
-81.0332 34.0003
-81.6123 38.3362
-82.9991 39.9613
-84.5553 42.7336
-89.3844 43.0747
-93.1022 44.9551
-93.6037 41.5911
-100.346 44.367
-100.783 46.8209
-112.018 46.5857
-111.888 40.7775
-116.2 43.6178
-119.766 39.1639
-121.494 38.5767
-123.03 44.9385
-122.905 47.0358
-134.42 58.3016
-157.857 21.3074
-112.097 33.4481
-105.94 35.6822
-104.985 39.7392
-97.7403 30.2747
-97.5033 35.4922
-96.6997 40.8081
-95.678 39.0482
-92.1729 38.5792
-89.655 39.7984
-86.1626 39.7686
-86.7842 36.1658
-84.8754 38.1867
-76.8836 40.2644
-72.5805 44.2624
-69.7817 44.3072
-71.538 43.2069
-71.0637 42.3582
-71.415 41.8309
-72.6822 41.764
-73.7579 42.6528
-74.7699 40.2206
-75.5197 39.1573
-76.4909 38.9788
-77.4336 37.5389
-78.6391 35.7804
-84.2813 30.4381
-91.1874 30.4571
-92.289 34.7466
-90.1821 32.3038
-86.3006 32.3777

Generation 760
Best distance: 293.029
Best path:
-86.3006 32.3777
-84.3882 33.749
-81.0332 34.0003
-81.6123 38.3362
-82.9991 39.9613
-84.5553 42.7336
-89.3844 43.0747
-93.1022 44.9551
-93.6037 41.5911
-100.346 44.367
-100.783 46.8209
-112.018 46.5857
-111.888 40.7775
-116.2 43.6178
-119.766 39.1639
-121.494 38.5767
-123.03 44.9385
-122.905 47.0358
-134.42 58.3016
-157.857 21.3074
-112.097 33.4481
-105.94 35.6822
-104.985 39.7392
-97.7403 30.2747
-97.5033 35.4922
-96.6997 40.8081
-95.678 39.0482
-92.1729 38.5792
-89.655 39.7984
-86.1626 39.7686
-86.7842 36.1658
-84.8754 38.1867
-76.8836 40.2644
-72.5805 44.2624
-69.7817 44.3072
-71.538 43.2069
-71.0637 42.3582
-71.415 41.8309
-72.6822 41.764
-73.7579 42.6528
-74.7699 40.2206
-75.5197 39.1573
-76.4909 38.9788
-77.4336 37.5389
-78.6391 35.7804
-84.2813 30.4381
-91.1874 30.4571
-92.289 34.7466
-90.1821 32.3038
-86.3006 32.3777

Generation 770
Best distance: 293.029
Best path:
-86.3006 32.3777
-84.3882 33.749
-81.0332 34.0003
-81.6123 38.3362
-82.9991 39.9613
-84.5553 42.7336
-89.3844 43.0747
-93.1022 44.9551
-93.6037 41.5911
-100.346 44.367
-100.783 46.8209
-112.018 46.5857
-111.888 40.7775
-116.2 43.6178
-119.766 39.1639
-121.494 38.5767
-123.03 44.9385
-122.905 47.0358
-134.42 58.3016
-157.857 21.3074
-112.097 33.4481
-105.94 35.6822
-104.985 39.7392
-97.7403 30.2747
-97.5033 35.4922
-96.6997 40.8081
-95.678 39.0482
-92.1729 38.5792
-89.655 39.7984
-86.1626 39.7686
-86.7842 36.1658
-84.8754 38.1867
-76.8836 40.2644
-72.5805 44.2624
-69.7817 44.3072
-71.538 43.2069
-71.0637 42.3582
-71.415 41.8309
-72.6822 41.764
-73.7579 42.6528
-74.7699 40.2206
-75.5197 39.1573
-76.4909 38.9788
-77.4336 37.5389
-78.6391 35.7804
-84.2813 30.4381
-91.1874 30.4571
-92.289 34.7466
-90.1821 32.3038
-86.3006 32.3777

Generation 780
Best distance: 293.029
Best path:
-86.3006 32.3777
-84.3882 33.749
-81.0332 34.0003
-81.6123 38.3362
-82.9991 39.9613
-84.5553 42.7336
-89.3844 43.0747
-93.1022 44.9551
-93.6037 41.5911
-100.346 44.367
-100.783 46.8209
-112.018 46.5857
-111.888 40.7775
-116.2 43.6178
-119.766 39.1639
-121.494 38.5767
-123.03 44.9385
-122.905 47.0358
-134.42 58.3016
-157.857 21.3074
-112.097 33.4481
-105.94 35.6822
-104.985 39.7392
-97.7403 30.2747
-97.5033 35.4922
-96.6997 40.8081
-95.678 39.0482
-92.1729 38.5792
-89.655 39.7984
-86.1626 39.7686
-86.7842 36.1658
-84.8754 38.1867
-76.8836 40.2644
-72.5805 44.2624
-69.7817 44.3072
-71.538 43.2069
-71.0637 42.3582
-71.415 41.8309
-72.6822 41.764
-73.7579 42.6528
-74.7699 40.2206
-75.5197 39.1573
-76.4909 38.9788
-77.4336 37.5389
-78.6391 35.7804
-84.2813 30.4381
-91.1874 30.4571
-92.289 34.7466
-90.1821 32.3038
-86.3006 32.3777

Generation 790
Best distance: 293.029
Best path:
-86.3006 32.3777
-84.3882 33.749
-81.0332 34.0003
-81.6123 38.3362
-82.9991 39.9613
-84.5553 42.7336
-89.3844 43.0747
-93.1022 44.9551
-93.6037 41.5911
-100.346 44.367
-100.783 46.8209
-112.018 46.5857
-111.888 40.7775
-116.2 43.6178
-119.766 39.1639
-121.494 38.5767
-123.03 44.9385
-122.905 47.0358
-134.42 58.3016
-157.857 21.3074
-112.097 33.4481
-105.94 35.6822
-104.985 39.7392
-97.7403 30.2747
-97.5033 35.4922
-96.6997 40.8081
-95.678 39.0482
-92.1729 38.5792
-89.655 39.7984
-86.1626 39.7686
-86.7842 36.1658
-84.8754 38.1867
-76.8836 40.2644
-72.5805 44.2624
-69.7817 44.3072
-71.538 43.2069
-71.0637 42.3582
-71.415 41.8309
-72.6822 41.764
-73.7579 42.6528
-74.7699 40.2206
-75.5197 39.1573
-76.4909 38.9788
-77.4336 37.5389
-78.6391 35.7804
-84.2813 30.4381
-91.1874 30.4571
-92.289 34.7466
-90.1821 32.3038
-86.3006 32.3777

Generation 800
Best distance: 293.029
Best path:
-86.3006 32.3777
-84.3882 33.749
-81.0332 34.0003
-81.6123 38.3362
-82.9991 39.9613
-84.5553 42.7336
-89.3844 43.0747
-93.1022 44.9551
-93.6037 41.5911
-100.346 44.367
-100.783 46.8209
-112.018 46.5857
-111.888 40.7775
-116.2 43.6178
-119.766 39.1639
-121.494 38.5767
-123.03 44.9385
-122.905 47.0358
-134.42 58.3016
-157.857 21.3074
-112.097 33.4481
-105.94 35.6822
-104.985 39.7392
-97.7403 30.2747
-97.5033 35.4922
-96.6997 40.8081
-95.678 39.0482
-92.1729 38.5792
-89.655 39.7984
-86.1626 39.7686
-86.7842 36.1658
-84.8754 38.1867
-76.8836 40.2644
-72.5805 44.2624
-69.7817 44.3072
-71.538 43.2069
-71.0637 42.3582
-71.415 41.8309
-72.6822 41.764
-73.7579 42.6528
-74.7699 40.2206
-75.5197 39.1573
-76.4909 38.9788
-77.4336 37.5389
-78.6391 35.7804
-84.2813 30.4381
-91.1874 30.4571
-92.289 34.7466
-90.1821 32.3038
-86.3006 32.3777

Generation 810
Best distance: 293.029
Best path:
-86.3006 32.3777
-84.3882 33.749
-81.0332 34.0003
-81.6123 38.3362
-82.9991 39.9613
-84.5553 42.7336
-89.3844 43.0747
-93.1022 44.9551
-93.6037 41.5911
-100.346 44.367
-100.783 46.8209
-112.018 46.5857
-111.888 40.7775
-116.2 43.6178
-119.766 39.1639
-121.494 38.5767
-123.03 44.9385
-122.905 47.0358
-134.42 58.3016
-157.857 21.3074
-112.097 33.4481
-105.94 35.6822
-104.985 39.7392
-97.7403 30.2747
-97.5033 35.4922
-96.6997 40.8081
-95.678 39.0482
-92.1729 38.5792
-89.655 39.7984
-86.1626 39.7686
-86.7842 36.1658
-84.8754 38.1867
-76.8836 40.2644
-72.5805 44.2624
-69.7817 44.3072
-71.538 43.2069
-71.0637 42.3582
-71.415 41.8309
-72.6822 41.764
-73.7579 42.6528
-74.7699 40.2206
-75.5197 39.1573
-76.4909 38.9788
-77.4336 37.5389
-78.6391 35.7804
-84.2813 30.4381
-91.1874 30.4571
-92.289 34.7466
-90.1821 32.3038
-86.3006 32.3777

Generation 820
Best distance: 293.029
Best path:
-86.3006 32.3777
-84.3882 33.749
-81.0332 34.0003
-81.6123 38.3362
-82.9991 39.9613
-84.5553 42.7336
-89.3844 43.0747
-93.1022 44.9551
-93.6037 41.5911
-100.346 44.367
-100.783 46.8209
-112.018 46.5857
-111.888 40.7775
-116.2 43.6178
-119.766 39.1639
-121.494 38.5767
-123.03 44.9385
-122.905 47.0358
-134.42 58.3016
-157.857 21.3074
-112.097 33.4481
-105.94 35.6822
-104.985 39.7392
-97.7403 30.2747
-97.5033 35.4922
-96.6997 40.8081
-95.678 39.0482
-92.1729 38.5792
-89.655 39.7984
-86.1626 39.7686
-86.7842 36.1658
-84.8754 38.1867
-76.8836 40.2644
-72.5805 44.2624
-69.7817 44.3072
-71.538 43.2069
-71.0637 42.3582
-71.415 41.8309
-72.6822 41.764
-73.7579 42.6528
-74.7699 40.2206
-75.5197 39.1573
-76.4909 38.9788
-77.4336 37.5389
-78.6391 35.7804
-84.2813 30.4381
-91.1874 30.4571
-92.289 34.7466
-90.1821 32.3038
-86.3006 32.3777

Generation 830
Best distance: 293.029
Best path:
-86.3006 32.3777
-84.3882 33.749
-81.0332 34.0003
-81.6123 38.3362
-82.9991 39.9613
-84.5553 42.7336
-89.3844 43.0747
-93.1022 44.9551
-93.6037 41.5911
-100.346 44.367
-100.783 46.8209
-112.018 46.5857
-111.888 40.7775
-116.2 43.6178
-119.766 39.1639
-121.494 38.5767
-123.03 44.9385
-122.905 47.0358
-134.42 58.3016
-157.857 21.3074
-112.097 33.4481
-105.94 35.6822
-104.985 39.7392
-97.7403 30.2747
-97.5033 35.4922
-96.6997 40.8081
-95.678 39.0482
-92.1729 38.5792
-89.655 39.7984
-86.1626 39.7686
-86.7842 36.1658
-84.8754 38.1867
-76.8836 40.2644
-72.5805 44.2624
-69.7817 44.3072
-71.538 43.2069
-71.0637 42.3582
-71.415 41.8309
-72.6822 41.764
-73.7579 42.6528
-74.7699 40.2206
-75.5197 39.1573
-76.4909 38.9788
-77.4336 37.5389
-78.6391 35.7804
-84.2813 30.4381
-91.1874 30.4571
-92.289 34.7466
-90.1821 32.3038
-86.3006 32.3777

Generation 840
Best distance: 290.612
Best path:
-86.3006 32.3777
-84.3882 33.749
-81.0332 34.0003
-81.6123 38.3362
-82.9991 39.9613
-84.5553 42.7336
-89.3844 43.0747
-93.1022 44.9551
-93.6037 41.5911
-96.6997 40.8081
-100.346 44.367
-100.783 46.8209
-112.018 46.5857
-111.888 40.7775
-116.2 43.6178
-119.766 39.1639
-121.494 38.5767
-123.03 44.9385
-122.905 47.0358
-134.42 58.3016
-157.857 21.3074
-112.097 33.4481
-105.94 35.6822
-104.985 39.7392
-97.7403 30.2747
-97.5033 35.4922
-95.678 39.0482
-92.1729 38.5792
-89.655 39.7984
-86.1626 39.7686
-86.7842 36.1658
-84.8754 38.1867
-76.8836 40.2644
-72.5805 44.2624
-69.7817 44.3072
-71.538 43.2069
-71.0637 42.3582
-71.415 41.8309
-72.6822 41.764
-73.7579 42.6528
-74.7699 40.2206
-75.5197 39.1573
-76.4909 38.9788
-77.4336 37.5389
-78.6391 35.7804
-84.2813 30.4381
-91.1874 30.4571
-92.289 34.7466
-90.1821 32.3038
-86.3006 32.3777

Generation 850
Best distance: 290.612
Best path:
-86.3006 32.3777
-90.1821 32.3038
-92.289 34.7466
-91.1874 30.4571
-84.2813 30.4381
-78.6391 35.7804
-77.4336 37.5389
-76.4909 38.9788
-75.5197 39.1573
-74.7699 40.2206
-73.7579 42.6528
-72.6822 41.764
-71.415 41.8309
-71.0637 42.3582
-71.538 43.2069
-69.7817 44.3072
-72.5805 44.2624
-76.8836 40.2644
-84.8754 38.1867
-86.7842 36.1658
-86.1626 39.7686
-89.655 39.7984
-92.1729 38.5792
-95.678 39.0482
-97.5033 35.4922
-97.7403 30.2747
-104.985 39.7392
-105.94 35.6822
-112.097 33.4481
-157.857 21.3074
-134.42 58.3016
-122.905 47.0358
-123.03 44.9385
-121.494 38.5767
-119.766 39.1639
-116.2 43.6178
-111.888 40.7775
-112.018 46.5857
-100.783 46.8209
-100.346 44.367
-96.6997 40.8081
-93.6037 41.5911
-93.1022 44.9551
-89.3844 43.0747
-84.5553 42.7336
-82.9991 39.9613
-81.6123 38.3362
-81.0332 34.0003
-84.3882 33.749
-86.3006 32.3777

Generation 860
Best distance: 290.612
Best path:
-86.3006 32.3777
-90.1821 32.3038
-92.289 34.7466
-91.1874 30.4571
-84.2813 30.4381
-78.6391 35.7804
-77.4336 37.5389
-76.4909 38.9788
-75.5197 39.1573
-74.7699 40.2206
-73.7579 42.6528
-72.6822 41.764
-71.415 41.8309
-71.0637 42.3582
-71.538 43.2069
-69.7817 44.3072
-72.5805 44.2624
-76.8836 40.2644
-84.8754 38.1867
-86.7842 36.1658
-86.1626 39.7686
-89.655 39.7984
-92.1729 38.5792
-95.678 39.0482
-97.5033 35.4922
-97.7403 30.2747
-104.985 39.7392
-105.94 35.6822
-112.097 33.4481
-157.857 21.3074
-134.42 58.3016
-122.905 47.0358
-123.03 44.9385
-121.494 38.5767
-119.766 39.1639
-116.2 43.6178
-111.888 40.7775
-112.018 46.5857
-100.783 46.8209
-100.346 44.367
-96.6997 40.8081
-93.6037 41.5911
-93.1022 44.9551
-89.3844 43.0747
-84.5553 42.7336
-82.9991 39.9613
-81.6123 38.3362
-81.0332 34.0003
-84.3882 33.749
-86.3006 32.3777

Generation 870
Best distance: 290.612
Best path:
-86.3006 32.3777
-90.1821 32.3038
-92.289 34.7466
-91.1874 30.4571
-84.2813 30.4381
-78.6391 35.7804
-77.4336 37.5389
-76.4909 38.9788
-75.5197 39.1573
-74.7699 40.2206
-73.7579 42.6528
-72.6822 41.764
-71.415 41.8309
-71.0637 42.3582
-71.538 43.2069
-69.7817 44.3072
-72.5805 44.2624
-76.8836 40.2644
-84.8754 38.1867
-86.7842 36.1658
-86.1626 39.7686
-89.655 39.7984
-92.1729 38.5792
-95.678 39.0482
-97.5033 35.4922
-97.7403 30.2747
-104.985 39.7392
-105.94 35.6822
-112.097 33.4481
-157.857 21.3074
-134.42 58.3016
-122.905 47.0358
-123.03 44.9385
-121.494 38.5767
-119.766 39.1639
-116.2 43.6178
-111.888 40.7775
-112.018 46.5857
-100.783 46.8209
-100.346 44.367
-96.6997 40.8081
-93.6037 41.5911
-93.1022 44.9551
-89.3844 43.0747
-84.5553 42.7336
-82.9991 39.9613
-81.6123 38.3362
-81.0332 34.0003
-84.3882 33.749
-86.3006 32.3777

Generation 880
Best distance: 290.612
Best path:
-86.3006 32.3777
-90.1821 32.3038
-92.289 34.7466
-91.1874 30.4571
-84.2813 30.4381
-78.6391 35.7804
-77.4336 37.5389
-76.4909 38.9788
-75.5197 39.1573
-74.7699 40.2206
-73.7579 42.6528
-72.6822 41.764
-71.415 41.8309
-71.0637 42.3582
-71.538 43.2069
-69.7817 44.3072
-72.5805 44.2624
-76.8836 40.2644
-84.8754 38.1867
-86.7842 36.1658
-86.1626 39.7686
-89.655 39.7984
-92.1729 38.5792
-95.678 39.0482
-97.5033 35.4922
-97.7403 30.2747
-104.985 39.7392
-105.94 35.6822
-112.097 33.4481
-157.857 21.3074
-134.42 58.3016
-122.905 47.0358
-123.03 44.9385
-121.494 38.5767
-119.766 39.1639
-116.2 43.6178
-111.888 40.7775
-112.018 46.5857
-100.783 46.8209
-100.346 44.367
-96.6997 40.8081
-93.6037 41.5911
-93.1022 44.9551
-89.3844 43.0747
-84.5553 42.7336
-82.9991 39.9613
-81.6123 38.3362
-81.0332 34.0003
-84.3882 33.749
-86.3006 32.3777

Generation 890
Best distance: 290.612
Best path:
-86.3006 32.3777
-90.1821 32.3038
-92.289 34.7466
-91.1874 30.4571
-84.2813 30.4381
-78.6391 35.7804
-77.4336 37.5389
-76.4909 38.9788
-75.5197 39.1573
-74.7699 40.2206
-73.7579 42.6528
-72.6822 41.764
-71.415 41.8309
-71.0637 42.3582
-71.538 43.2069
-69.7817 44.3072
-72.5805 44.2624
-76.8836 40.2644
-84.8754 38.1867
-86.7842 36.1658
-86.1626 39.7686
-89.655 39.7984
-92.1729 38.5792
-95.678 39.0482
-97.5033 35.4922
-97.7403 30.2747
-104.985 39.7392
-105.94 35.6822
-112.097 33.4481
-157.857 21.3074
-134.42 58.3016
-122.905 47.0358
-123.03 44.9385
-121.494 38.5767
-119.766 39.1639
-116.2 43.6178
-111.888 40.7775
-112.018 46.5857
-100.783 46.8209
-100.346 44.367
-96.6997 40.8081
-93.6037 41.5911
-93.1022 44.9551
-89.3844 43.0747
-84.5553 42.7336
-82.9991 39.9613
-81.6123 38.3362
-81.0332 34.0003
-84.3882 33.749
-86.3006 32.3777

Generation 900
Best distance: 290.612
Best path:
-86.3006 32.3777
-90.1821 32.3038
-92.289 34.7466
-91.1874 30.4571
-84.2813 30.4381
-78.6391 35.7804
-77.4336 37.5389
-76.4909 38.9788
-75.5197 39.1573
-74.7699 40.2206
-73.7579 42.6528
-72.6822 41.764
-71.415 41.8309
-71.0637 42.3582
-71.538 43.2069
-69.7817 44.3072
-72.5805 44.2624
-76.8836 40.2644
-84.8754 38.1867
-86.7842 36.1658
-86.1626 39.7686
-89.655 39.7984
-92.1729 38.5792
-95.678 39.0482
-97.5033 35.4922
-97.7403 30.2747
-104.985 39.7392
-105.94 35.6822
-112.097 33.4481
-157.857 21.3074
-134.42 58.3016
-122.905 47.0358
-123.03 44.9385
-121.494 38.5767
-119.766 39.1639
-116.2 43.6178
-111.888 40.7775
-112.018 46.5857
-100.783 46.8209
-100.346 44.367
-96.6997 40.8081
-93.6037 41.5911
-93.1022 44.9551
-89.3844 43.0747
-84.5553 42.7336
-82.9991 39.9613
-81.6123 38.3362
-81.0332 34.0003
-84.3882 33.749
-86.3006 32.3777

Generation 910
Best distance: 290.612
Best path:
-86.3006 32.3777
-90.1821 32.3038
-92.289 34.7466
-91.1874 30.4571
-84.2813 30.4381
-78.6391 35.7804
-77.4336 37.5389
-76.4909 38.9788
-75.5197 39.1573
-74.7699 40.2206
-73.7579 42.6528
-72.6822 41.764
-71.415 41.8309
-71.0637 42.3582
-71.538 43.2069
-69.7817 44.3072
-72.5805 44.2624
-76.8836 40.2644
-84.8754 38.1867
-86.7842 36.1658
-86.1626 39.7686
-89.655 39.7984
-92.1729 38.5792
-95.678 39.0482
-97.5033 35.4922
-97.7403 30.2747
-104.985 39.7392
-105.94 35.6822
-112.097 33.4481
-157.857 21.3074
-134.42 58.3016
-122.905 47.0358
-123.03 44.9385
-121.494 38.5767
-119.766 39.1639
-116.2 43.6178
-111.888 40.7775
-112.018 46.5857
-100.783 46.8209
-100.346 44.367
-96.6997 40.8081
-93.6037 41.5911
-93.1022 44.9551
-89.3844 43.0747
-84.5553 42.7336
-82.9991 39.9613
-81.6123 38.3362
-81.0332 34.0003
-84.3882 33.749
-86.3006 32.3777

Generation 920
Best distance: 290.612
Best path:
-86.3006 32.3777
-90.1821 32.3038
-92.289 34.7466
-91.1874 30.4571
-84.2813 30.4381
-78.6391 35.7804
-77.4336 37.5389
-76.4909 38.9788
-75.5197 39.1573
-74.7699 40.2206
-73.7579 42.6528
-72.6822 41.764
-71.415 41.8309
-71.0637 42.3582
-71.538 43.2069
-69.7817 44.3072
-72.5805 44.2624
-76.8836 40.2644
-84.8754 38.1867
-86.7842 36.1658
-86.1626 39.7686
-89.655 39.7984
-92.1729 38.5792
-95.678 39.0482
-97.5033 35.4922
-97.7403 30.2747
-104.985 39.7392
-105.94 35.6822
-112.097 33.4481
-157.857 21.3074
-134.42 58.3016
-122.905 47.0358
-123.03 44.9385
-121.494 38.5767
-119.766 39.1639
-116.2 43.6178
-111.888 40.7775
-112.018 46.5857
-100.783 46.8209
-100.346 44.367
-96.6997 40.8081
-93.6037 41.5911
-93.1022 44.9551
-89.3844 43.0747
-84.5553 42.7336
-82.9991 39.9613
-81.6123 38.3362
-81.0332 34.0003
-84.3882 33.749
-86.3006 32.3777

Generation 930
Best distance: 288.769
Best path:
-86.3006 32.3777
-84.3882 33.749
-81.0332 34.0003
-84.8754 38.1867
-86.7842 36.1658
-86.1626 39.7686
-89.655 39.7984
-92.1729 38.5792
-95.678 39.0482
-97.5033 35.4922
-97.7403 30.2747
-104.985 39.7392
-105.94 35.6822
-112.097 33.4481
-157.857 21.3074
-134.42 58.3016
-122.905 47.0358
-123.03 44.9385
-121.494 38.5767
-119.766 39.1639
-116.2 43.6178
-111.888 40.7775
-112.018 46.5857
-100.783 46.8209
-100.346 44.367
-96.6997 40.8081
-93.6037 41.5911
-93.1022 44.9551
-89.3844 43.0747
-84.5553 42.7336
-82.9991 39.9613
-81.6123 38.3362
-76.8836 40.2644
-72.5805 44.2624
-69.7817 44.3072
-71.538 43.2069
-71.0637 42.3582
-71.415 41.8309
-72.6822 41.764
-73.7579 42.6528
-74.7699 40.2206
-75.5197 39.1573
-76.4909 38.9788
-77.4336 37.5389
-78.6391 35.7804
-84.2813 30.4381
-91.1874 30.4571
-92.289 34.7466
-90.1821 32.3038
-86.3006 32.3777

Generation 940
Best distance: 290.612
Best path:
-86.3006 32.3777
-90.1821 32.3038
-92.289 34.7466
-91.1874 30.4571
-84.2813 30.4381
-78.6391 35.7804
-77.4336 37.5389
-76.4909 38.9788
-75.5197 39.1573
-74.7699 40.2206
-73.7579 42.6528
-72.6822 41.764
-71.415 41.8309
-71.0637 42.3582
-71.538 43.2069
-69.7817 44.3072
-72.5805 44.2624
-76.8836 40.2644
-84.8754 38.1867
-86.7842 36.1658
-86.1626 39.7686
-89.655 39.7984
-92.1729 38.5792
-95.678 39.0482
-97.5033 35.4922
-97.7403 30.2747
-104.985 39.7392
-105.94 35.6822
-112.097 33.4481
-157.857 21.3074
-134.42 58.3016
-122.905 47.0358
-123.03 44.9385
-121.494 38.5767
-119.766 39.1639
-116.2 43.6178
-111.888 40.7775
-112.018 46.5857
-100.783 46.8209
-100.346 44.367
-96.6997 40.8081
-93.6037 41.5911
-93.1022 44.9551
-89.3844 43.0747
-84.5553 42.7336
-82.9991 39.9613
-81.6123 38.3362
-81.0332 34.0003
-84.3882 33.749
-86.3006 32.3777

Generation 950
Best distance: 289.233
Best path:
-86.3006 32.3777
-84.3882 33.749
-81.0332 34.0003
-81.6123 38.3362
-82.9991 39.9613
-84.5553 42.7336
-89.3844 43.0747
-93.1022 44.9551
-93.6037 41.5911
-96.6997 40.8081
-100.346 44.367
-100.783 46.8209
-112.018 46.5857
-111.888 40.7775
-116.2 43.6178
-119.766 39.1639
-121.494 38.5767
-123.03 44.9385
-122.905 47.0358
-134.42 58.3016
-157.857 21.3074
-112.097 33.4481
-105.94 35.6822
-104.985 39.7392
-97.7403 30.2747
-97.5033 35.4922
-95.678 39.0482
-92.1729 38.5792
-89.655 39.7984
-86.1626 39.7686
-86.7842 36.1658
-84.8754 38.1867
-76.8836 40.2644
-73.7579 42.6528
-72.5805 44.2624
-69.7817 44.3072
-71.538 43.2069
-71.0637 42.3582
-71.415 41.8309
-72.6822 41.764
-74.7699 40.2206
-75.5197 39.1573
-76.4909 38.9788
-77.4336 37.5389
-78.6391 35.7804
-84.2813 30.4381
-91.1874 30.4571
-92.289 34.7466
-90.1821 32.3038
-86.3006 32.3777

Generation 960
Best distance: 289.233
Best path:
-86.3006 32.3777
-90.1821 32.3038
-92.289 34.7466
-91.1874 30.4571
-84.2813 30.4381
-78.6391 35.7804
-77.4336 37.5389
-76.4909 38.9788
-75.5197 39.1573
-74.7699 40.2206
-72.6822 41.764
-71.415 41.8309
-71.0637 42.3582
-71.538 43.2069
-69.7817 44.3072
-72.5805 44.2624
-73.7579 42.6528
-76.8836 40.2644
-84.8754 38.1867
-86.7842 36.1658
-86.1626 39.7686
-89.655 39.7984
-92.1729 38.5792
-95.678 39.0482
-97.5033 35.4922
-97.7403 30.2747
-104.985 39.7392
-105.94 35.6822
-112.097 33.4481
-157.857 21.3074
-134.42 58.3016
-122.905 47.0358
-123.03 44.9385
-121.494 38.5767
-119.766 39.1639
-116.2 43.6178
-111.888 40.7775
-112.018 46.5857
-100.783 46.8209
-100.346 44.367
-96.6997 40.8081
-93.6037 41.5911
-93.1022 44.9551
-89.3844 43.0747
-84.5553 42.7336
-82.9991 39.9613
-81.6123 38.3362
-81.0332 34.0003
-84.3882 33.749
-86.3006 32.3777

Generation 970
Best distance: 289.233
Best path:
-86.3006 32.3777
-90.1821 32.3038
-92.289 34.7466
-91.1874 30.4571
-84.2813 30.4381
-78.6391 35.7804
-77.4336 37.5389
-76.4909 38.9788
-75.5197 39.1573
-74.7699 40.2206
-72.6822 41.764
-71.415 41.8309
-71.0637 42.3582
-71.538 43.2069
-69.7817 44.3072
-72.5805 44.2624
-73.7579 42.6528
-76.8836 40.2644
-84.8754 38.1867
-86.7842 36.1658
-86.1626 39.7686
-89.655 39.7984
-92.1729 38.5792
-95.678 39.0482
-97.5033 35.4922
-97.7403 30.2747
-104.985 39.7392
-105.94 35.6822
-112.097 33.4481
-157.857 21.3074
-134.42 58.3016
-122.905 47.0358
-123.03 44.9385
-121.494 38.5767
-119.766 39.1639
-116.2 43.6178
-111.888 40.7775
-112.018 46.5857
-100.783 46.8209
-100.346 44.367
-96.6997 40.8081
-93.6037 41.5911
-93.1022 44.9551
-89.3844 43.0747
-84.5553 42.7336
-82.9991 39.9613
-81.6123 38.3362
-81.0332 34.0003
-84.3882 33.749
-86.3006 32.3777

Generation 980
Best distance: 289.233
Best path:
-86.3006 32.3777
-90.1821 32.3038
-92.289 34.7466
-91.1874 30.4571
-84.2813 30.4381
-78.6391 35.7804
-77.4336 37.5389
-76.4909 38.9788
-75.5197 39.1573
-74.7699 40.2206
-72.6822 41.764
-71.415 41.8309
-71.0637 42.3582
-71.538 43.2069
-69.7817 44.3072
-72.5805 44.2624
-73.7579 42.6528
-76.8836 40.2644
-84.8754 38.1867
-86.7842 36.1658
-86.1626 39.7686
-89.655 39.7984
-92.1729 38.5792
-95.678 39.0482
-97.5033 35.4922
-97.7403 30.2747
-104.985 39.7392
-105.94 35.6822
-112.097 33.4481
-157.857 21.3074
-134.42 58.3016
-122.905 47.0358
-123.03 44.9385
-121.494 38.5767
-119.766 39.1639
-116.2 43.6178
-111.888 40.7775
-112.018 46.5857
-100.783 46.8209
-100.346 44.367
-96.6997 40.8081
-93.6037 41.5911
-93.1022 44.9551
-89.3844 43.0747
-84.5553 42.7336
-82.9991 39.9613
-81.6123 38.3362
-81.0332 34.0003
-84.3882 33.749
-86.3006 32.3777

Generation 990
Best distance: 289.233
Best path:
-86.3006 32.3777
-90.1821 32.3038
-92.289 34.7466
-91.1874 30.4571
-84.2813 30.4381
-78.6391 35.7804
-77.4336 37.5389
-76.4909 38.9788
-75.5197 39.1573
-74.7699 40.2206
-72.6822 41.764
-71.415 41.8309
-71.0637 42.3582
-71.538 43.2069
-69.7817 44.3072
-72.5805 44.2624
-73.7579 42.6528
-76.8836 40.2644
-84.8754 38.1867
-86.7842 36.1658
-86.1626 39.7686
-89.655 39.7984
-92.1729 38.5792
-95.678 39.0482
-97.5033 35.4922
-97.7403 30.2747
-104.985 39.7392
-105.94 35.6822
-112.097 33.4481
-157.857 21.3074
-134.42 58.3016
-122.905 47.0358
-123.03 44.9385
-121.494 38.5767
-119.766 39.1639
-116.2 43.6178
-111.888 40.7775
-112.018 46.5857
-100.783 46.8209
-100.346 44.367
-96.6997 40.8081
-93.6037 41.5911
-93.1022 44.9551
-89.3844 43.0747
-84.5553 42.7336
-82.9991 39.9613
-81.6123 38.3362
-81.0332 34.0003
-84.3882 33.749
-86.3006 32.3777

Generation 1000
Best distance: 289.233
Best path:
-86.3006 32.3777
-90.1821 32.3038
-92.289 34.7466
-91.1874 30.4571
-84.2813 30.4381
-78.6391 35.7804
-77.4336 37.5389
-76.4909 38.9788
-75.5197 39.1573
-74.7699 40.2206
-72.6822 41.764
-71.415 41.8309
-71.0637 42.3582
-71.538 43.2069
-69.7817 44.3072
-72.5805 44.2624
-73.7579 42.6528
-76.8836 40.2644
-84.8754 38.1867
-86.7842 36.1658
-86.1626 39.7686
-89.655 39.7984
-92.1729 38.5792
-95.678 39.0482
-97.5033 35.4922
-97.7403 30.2747
-104.985 39.7392
-105.94 35.6822
-112.097 33.4481
-157.857 21.3074
-134.42 58.3016
-122.905 47.0358
-123.03 44.9385
-121.494 38.5767
-119.766 39.1639
-116.2 43.6178
-111.888 40.7775
-112.018 46.5857
-100.783 46.8209
-100.346 44.367
-96.6997 40.8081
-93.6037 41.5911
-93.1022 44.9551
-89.3844 43.0747
-84.5553 42.7336
-82.9991 39.9613
-81.6123 38.3362
-81.0332 34.0003
-84.3882 33.749
-86.3006 32.3777

