Generation 1
Best distance: 303.829
Best path:
7.17473 6.96586
8.57503 5.14478
-8.66511 -4.99159
-9.58776 -2.84163
-8.98197 -4.39593
-5.56778 -8.30661
-7.42544 -6.69797
5.17489 -8.5569
-1.27518 -9.91836
8.28785 -5.59567
-9.9935 0.360596
0.379883 -9.99278
0.292359 -9.99573
9.91194 1.32421
9.18643 3.95088
3.4881 9.37194
-1.82645 9.83179
-9.8968 1.43298
9.94097 1.08496
-0.495759 9.9877
1.05631 9.94405
-4.88159 8.72755
0.67379 9.97727
-6.9137 7.22501
-9.99094 0.425476
4.90951 8.71187
4.82205 8.76058
-9.8434 1.76281
-8.99859 -4.36181
1.62934 -9.86637
-8.61008 -5.08592
-2.78816 -9.60344
-9.91421 1.30705
7.17473 6.96586

Generation 50
Best distance: 97.0907
Best path:
7.17473 6.96586
0.67379 9.97727
1.05631 9.94405
-4.88159 8.72755
-1.82645 9.83179
-0.495759 9.9877
3.4881 9.37194
4.82205 8.76058
4.90951 8.71187
8.57503 5.14478
9.18643 3.95088
9.91194 1.32421
9.94097 1.08496
8.28785 -5.59567
5.17489 -8.5569
1.62934 -9.86637
0.379883 -9.99278
0.292359 -9.99573
-1.27518 -9.91836
-2.78816 -9.60344
-5.56778 -8.30661
-7.42544 -6.69797
-8.98197 -4.39593
-9.58776 -2.84163
-8.99859 -4.36181
-8.66511 -4.99159
-8.61008 -5.08592
-9.8968 1.43298
-9.91421 1.30705
-9.9935 0.360596
-9.8434 1.76281
-9.99094 0.425476
-6.9137 7.22501
7.17473 6.96586

Generation 100
Best distance: 92.2041
Best path:
7.17473 6.96586
4.90951 8.71187
4.82205 8.76058
3.4881 9.37194
1.05631 9.94405
0.67379 9.97727
-0.495759 9.9877
-1.82645 9.83179
-4.88159 8.72755
8.57503 5.14478
9.18643 3.95088
9.91194 1.32421
9.94097 1.08496
8.28785 -5.59567
5.17489 -8.5569
1.62934 -9.86637
0.379883 -9.99278
0.292359 -9.99573
-1.27518 -9.91836
-2.78816 -9.60344
-5.56778 -8.30661
-7.42544 -6.69797
-9.58776 -2.84163
-8.99859 -4.36181
-8.98197 -4.39593
-8.66511 -4.99159
-8.61008 -5.08592
-9.9935 0.360596
-9.91421 1.30705
-9.99094 0.425476
-9.8968 1.43298
-9.8434 1.76281
-6.9137 7.22501
7.17473 6.96586

Generation 150
Best distance: 87.044
Best path:
7.17473 6.96586
4.90951 8.71187
4.82205 8.76058
3.4881 9.37194
1.05631 9.94405
0.67379 9.97727
-0.495759 9.9877
-1.82645 9.83179
-4.88159 8.72755
8.57503 5.14478
9.18643 3.95088
9.91194 1.32421
9.94097 1.08496
8.28785 -5.59567
5.17489 -8.5569
1.62934 -9.86637
0.379883 -9.99278
0.292359 -9.99573
-1.27518 -9.91836
-2.78816 -9.60344
-5.56778 -8.30661
-7.42544 -6.69797
-8.61008 -5.08592
-8.99859 -4.36181
-8.98197 -4.39593
-8.66511 -4.99159
-9.58776 -2.84163
-9.9935 0.360596
-9.99094 0.425476
-9.91421 1.30705
-9.8968 1.43298
-9.8434 1.76281
-6.9137 7.22501
7.17473 6.96586

Generation 200
Best distance: 87.044
Best path:
7.17473 6.96586
4.90951 8.71187
4.82205 8.76058
3.4881 9.37194
1.05631 9.94405
0.67379 9.97727
-0.495759 9.9877
-1.82645 9.83179
-4.88159 8.72755
8.57503 5.14478
9.18643 3.95088
9.91194 1.32421
9.94097 1.08496
8.28785 -5.59567
5.17489 -8.5569
1.62934 -9.86637
0.379883 -9.99278
0.292359 -9.99573
-1.27518 -9.91836
-2.78816 -9.60344
-5.56778 -8.30661
-7.42544 -6.69797
-8.61008 -5.08592
-8.99859 -4.36181
-8.98197 -4.39593
-8.66511 -4.99159
-9.58776 -2.84163
-9.9935 0.360596
-9.99094 0.425476
-9.91421 1.30705
-9.8968 1.43298
-9.8434 1.76281
-6.9137 7.22501
7.17473 6.96586

Generation 250
Best distance: 80.4778
Best path:
7.17473 6.96586
-4.88159 8.72755
-6.9137 7.22501
-9.8434 1.76281
-9.8968 1.43298
-9.91421 1.30705
-9.99094 0.425476
-9.9935 0.360596
-9.58776 -2.84163
-8.99859 -4.36181
-8.98197 -4.39593
-8.66511 -4.99159
-8.61008 -5.08592
-7.42544 -6.69797
-5.56778 -8.30661
-2.78816 -9.60344
-1.27518 -9.91836
0.292359 -9.99573
0.379883 -9.99278
1.62934 -9.86637
5.17489 -8.5569
8.28785 -5.59567
9.94097 1.08496
9.91194 1.32421
9.18643 3.95088
8.57503 5.14478
-1.82645 9.83179
-0.495759 9.9877
0.67379 9.97727
1.05631 9.94405
3.4881 9.37194
4.82205 8.76058
4.90951 8.71187
7.17473 6.96586

Generation 300
Best distance: 80.4778
Best path:
7.17473 6.96586
-4.88159 8.72755
-6.9137 7.22501
-9.8434 1.76281
-9.8968 1.43298
-9.91421 1.30705
-9.99094 0.425476
-9.9935 0.360596
-9.58776 -2.84163
-8.99859 -4.36181
-8.98197 -4.39593
-8.66511 -4.99159
-8.61008 -5.08592
-7.42544 -6.69797
-5.56778 -8.30661
-2.78816 -9.60344
-1.27518 -9.91836
0.292359 -9.99573
0.379883 -9.99278
1.62934 -9.86637
5.17489 -8.5569
8.28785 -5.59567
9.94097 1.08496
9.91194 1.32421
9.18643 3.95088
8.57503 5.14478
-1.82645 9.83179
-0.495759 9.9877
0.67379 9.97727
1.05631 9.94405
3.4881 9.37194
4.82205 8.76058
4.90951 8.71187
7.17473 6.96586

Generation 350
Best distance: 80.4778
Best path:
7.17473 6.96586
4.90951 8.71187
4.82205 8.76058
3.4881 9.37194
1.05631 9.94405
0.67379 9.97727
-0.495759 9.9877
-1.82645 9.83179
8.57503 5.14478
9.18643 3.95088
9.91194 1.32421
9.94097 1.08496
8.28785 -5.59567
5.17489 -8.5569
1.62934 -9.86637
0.379883 -9.99278
0.292359 -9.99573
-1.27518 -9.91836
-2.78816 -9.60344
-5.56778 -8.30661
-7.42544 -6.69797
-8.61008 -5.08592
-8.66511 -4.99159
-8.98197 -4.39593
-8.99859 -4.36181
-9.58776 -2.84163
-9.9935 0.360596
-9.99094 0.425476
-9.91421 1.30705
-9.8968 1.43298
-9.8434 1.76281
-6.9137 7.22501
-4.88159 8.72755
7.17473 6.96586

Generation 400
Best distance: 80.4778
Best path:
7.17473 6.96586
-4.88159 8.72755
-6.9137 7.22501
-9.8434 1.76281
-9.8968 1.43298
-9.91421 1.30705
-9.99094 0.425476
-9.9935 0.360596
-9.58776 -2.84163
-8.99859 -4.36181
-8.98197 -4.39593
-8.66511 -4.99159
-8.61008 -5.08592
-7.42544 -6.69797
-5.56778 -8.30661
-2.78816 -9.60344
-1.27518 -9.91836
0.292359 -9.99573
0.379883 -9.99278
1.62934 -9.86637
5.17489 -8.5569
8.28785 -5.59567
9.94097 1.08496
9.91194 1.32421
9.18643 3.95088
8.57503 5.14478
-1.82645 9.83179
-0.495759 9.9877
0.67379 9.97727
1.05631 9.94405
3.4881 9.37194
4.82205 8.76058
4.90951 8.71187
7.17473 6.96586

Generation 450
Best distance: 78.5226
Best path:
7.17473 6.96586
4.90951 8.71187
4.82205 8.76058
3.4881 9.37194
1.05631 9.94405
0.67379 9.97727
-0.495759 9.9877
8.57503 5.14478
9.18643 3.95088
9.91194 1.32421
9.94097 1.08496
8.28785 -5.59567
5.17489 -8.5569
1.62934 -9.86637
0.379883 -9.99278
0.292359 -9.99573
-1.27518 -9.91836
-2.78816 -9.60344
-5.56778 -8.30661
-7.42544 -6.69797
-8.61008 -5.08592
-8.66511 -4.99159
-8.98197 -4.39593
-8.99859 -4.36181
-9.58776 -2.84163
-9.9935 0.360596
-9.99094 0.425476
-9.91421 1.30705
-9.8968 1.43298
-9.8434 1.76281
-6.9137 7.22501
-4.88159 8.72755
-1.82645 9.83179
7.17473 6.96586

Generation 500
Best distance: 78.5226
Best path:
7.17473 6.96586
-1.82645 9.83179
-4.88159 8.72755
-6.9137 7.22501
-9.8434 1.76281
-9.8968 1.43298
-9.91421 1.30705
-9.99094 0.425476
-9.9935 0.360596
-9.58776 -2.84163
-8.99859 -4.36181
-8.98197 -4.39593
-8.66511 -4.99159
-8.61008 -5.08592
-7.42544 -6.69797
-5.56778 -8.30661
-2.78816 -9.60344
-1.27518 -9.91836
0.292359 -9.99573
0.379883 -9.99278
1.62934 -9.86637
5.17489 -8.5569
8.28785 -5.59567
9.94097 1.08496
9.91194 1.32421
9.18643 3.95088
8.57503 5.14478
-0.495759 9.9877
0.67379 9.97727
1.05631 9.94405
3.4881 9.37194
4.82205 8.76058
4.90951 8.71187
7.17473 6.96586

Generation 550
Best distance: 78.5226
Best path:
7.17473 6.96586
-1.82645 9.83179
-4.88159 8.72755
-6.9137 7.22501
-9.8434 1.76281
-9.8968 1.43298
-9.91421 1.30705
-9.99094 0.425476
-9.9935 0.360596
-9.58776 -2.84163
-8.99859 -4.36181
-8.98197 -4.39593
-8.66511 -4.99159
-8.61008 -5.08592
-7.42544 -6.69797
-5.56778 -8.30661
-2.78816 -9.60344
-1.27518 -9.91836
0.292359 -9.99573
0.379883 -9.99278
1.62934 -9.86637
5.17489 -8.5569
8.28785 -5.59567
9.94097 1.08496
9.91194 1.32421
9.18643 3.95088
8.57503 5.14478
-0.495759 9.9877
0.67379 9.97727
1.05631 9.94405
3.4881 9.37194
4.82205 8.76058
4.90951 8.71187
7.17473 6.96586

Generation 600
Best distance: 78.5226
Best path:
7.17473 6.96586
4.90951 8.71187
4.82205 8.76058
3.4881 9.37194
1.05631 9.94405
0.67379 9.97727
-0.495759 9.9877
8.57503 5.14478
9.18643 3.95088
9.91194 1.32421
9.94097 1.08496
8.28785 -5.59567
5.17489 -8.5569
1.62934 -9.86637
0.379883 -9.99278
0.292359 -9.99573
-1.27518 -9.91836
-2.78816 -9.60344
-5.56778 -8.30661
-7.42544 -6.69797
-8.61008 -5.08592
-8.66511 -4.99159
-8.98197 -4.39593
-8.99859 -4.36181
-9.58776 -2.84163
-9.9935 0.360596
-9.99094 0.425476
-9.91421 1.30705
-9.8968 1.43298
-9.8434 1.76281
-6.9137 7.22501
-4.88159 8.72755
-1.82645 9.83179
7.17473 6.96586

Generation 650
Best distance: 78.5226
Best path:
7.17473 6.96586
-1.82645 9.83179
-4.88159 8.72755
-6.9137 7.22501
-9.8434 1.76281
-9.8968 1.43298
-9.91421 1.30705
-9.99094 0.425476
-9.9935 0.360596
-9.58776 -2.84163
-8.99859 -4.36181
-8.98197 -4.39593
-8.66511 -4.99159
-8.61008 -5.08592
-7.42544 -6.69797
-5.56778 -8.30661
-2.78816 -9.60344
-1.27518 -9.91836
0.292359 -9.99573
0.379883 -9.99278
1.62934 -9.86637
5.17489 -8.5569
8.28785 -5.59567
9.94097 1.08496
9.91194 1.32421
9.18643 3.95088
8.57503 5.14478
-0.495759 9.9877
0.67379 9.97727
1.05631 9.94405
3.4881 9.37194
4.82205 8.76058
4.90951 8.71187
7.17473 6.96586

Generation 700
Best distance: 76.4698
Best path:
7.17473 6.96586
4.90951 8.71187
4.82205 8.76058
3.4881 9.37194
1.05631 9.94405
0.67379 9.97727
8.57503 5.14478
9.18643 3.95088
9.91194 1.32421
9.94097 1.08496
8.28785 -5.59567
5.17489 -8.5569
1.62934 -9.86637
0.379883 -9.99278
0.292359 -9.99573
-1.27518 -9.91836
-2.78816 -9.60344
-5.56778 -8.30661
-7.42544 -6.69797
-8.61008 -5.08592
-8.66511 -4.99159
-8.98197 -4.39593
-8.99859 -4.36181
-9.58776 -2.84163
-9.9935 0.360596
-9.99094 0.425476
-9.91421 1.30705
-9.8968 1.43298
-9.8434 1.76281
-6.9137 7.22501
-4.88159 8.72755
-1.82645 9.83179
-0.495759 9.9877
7.17473 6.96586

Generation 750
Best distance: 76.4698
Best path:
7.17473 6.96586
4.90951 8.71187
4.82205 8.76058
3.4881 9.37194
1.05631 9.94405
0.67379 9.97727
8.57503 5.14478
9.18643 3.95088
9.91194 1.32421
9.94097 1.08496
8.28785 -5.59567
5.17489 -8.5569
1.62934 -9.86637
0.379883 -9.99278
0.292359 -9.99573
-1.27518 -9.91836
-2.78816 -9.60344
-5.56778 -8.30661
-7.42544 -6.69797
-8.61008 -5.08592
-8.66511 -4.99159
-8.98197 -4.39593
-8.99859 -4.36181
-9.58776 -2.84163
-9.9935 0.360596
-9.99094 0.425476
-9.91421 1.30705
-9.8968 1.43298
-9.8434 1.76281
-6.9137 7.22501
-4.88159 8.72755
-1.82645 9.83179
-0.495759 9.9877
7.17473 6.96586

Generation 800
Best distance: 76.0158
Best path:
7.17473 6.96586
4.90951 8.71187
4.82205 8.76058
3.4881 9.37194
1.05631 9.94405
7.17473 6.96586
8.57503 5.14478
9.18643 3.95088
9.91194 1.32421
9.94097 1.08496
8.28785 -5.59567
5.17489 -8.5569
1.62934 -9.86637
0.379883 -9.99278
0.292359 -9.99573
-1.27518 -9.91836
-2.78816 -9.60344
-5.56778 -8.30661
-7.42544 -6.69797
-8.61008 -5.08592
-8.66511 -4.99159
-8.98197 -4.39593
-8.99859 -4.36181
-9.58776 -2.84163
-9.9935 0.360596
-9.99094 0.425476
-9.91421 1.30705
-9.8968 1.43298
-9.8434 1.76281
-6.9137 7.22501
-4.88159 8.72755
-1.82645 9.83179
-0.495759 9.9877
0.67379 9.97727

Generation 850
Best distance: 62.4305
Best path:
7.17473 6.96586
8.57503 5.14478
9.18643 3.95088
9.91194 1.32421
9.94097 1.08496
8.28785 -5.59567
5.17489 -8.5569
1.62934 -9.86637
0.379883 -9.99278
0.292359 -9.99573
-1.27518 -9.91836
-2.78816 -9.60344
-5.56778 -8.30661
-7.42544 -6.69797
-8.61008 -5.08592
-8.66511 -4.99159
-8.98197 -4.39593
-8.99859 -4.36181
-9.58776 -2.84163
-9.9935 0.360596
-9.99094 0.425476
-9.91421 1.30705
-9.8968 1.43298
-9.8434 1.76281
-6.9137 7.22501
-4.88159 8.72755
-1.82645 9.83179
-0.495759 9.9877
0.67379 9.97727
1.05631 9.94405
3.4881 9.37194
4.82205 8.76058
4.90951 8.71187
7.17473 6.96586

Generation 900
Best distance: 71.0539
Best path:
7.17473 6.96586
1.05631 9.94405
0.67379 9.97727
-0.495759 9.9877
-1.82645 9.83179
-4.88159 8.72755
-6.9137 7.22501
-9.8434 1.76281
-9.8968 1.43298
-9.91421 1.30705
-9.99094 0.425476
-9.9935 0.360596
-9.58776 -2.84163
-8.99859 -4.36181
-8.98197 -4.39593
-8.66511 -4.99159
-8.61008 -5.08592
-7.42544 -6.69797
-5.56778 -8.30661
-2.78816 -9.60344
-1.27518 -9.91836
0.292359 -9.99573
0.379883 -9.99278
1.62934 -9.86637
5.17489 -8.5569
8.28785 -5.59567
9.94097 1.08496
9.91194 1.32421
9.18643 3.95088
8.57503 5.14478
3.4881 9.37194
4.82205 8.76058
4.90951 8.71187
7.17473 6.96586

Generation 950
Best distance: 68.2796
Best path:
7.17473 6.96586
4.90951 8.71187
4.82205 8.76058
8.57503 5.14478
9.18643 3.95088
9.91194 1.32421
9.94097 1.08496
8.28785 -5.59567
5.17489 -8.5569
1.62934 -9.86637
0.379883 -9.99278
0.292359 -9.99573
-1.27518 -9.91836
-2.78816 -9.60344
-5.56778 -8.30661
-7.42544 -6.69797
-8.61008 -5.08592
-8.66511 -4.99159
-8.98197 -4.39593
-8.99859 -4.36181
-9.58776 -2.84163
-9.9935 0.360596
-9.99094 0.425476
-9.91421 1.30705
-9.8968 1.43298
-9.8434 1.76281
-6.9137 7.22501
-4.88159 8.72755
-1.82645 9.83179
-0.495759 9.9877
0.67379 9.97727
1.05631 9.94405
3.4881 9.37194
7.17473 6.96586

Generation 1000
Best distance: 68.2796
Best path:
7.17473 6.96586
4.90951 8.71187
4.82205 8.76058
8.57503 5.14478
9.18643 3.95088
9.91194 1.32421
9.94097 1.08496
8.28785 -5.59567
5.17489 -8.5569
1.62934 -9.86637
0.379883 -9.99278
0.292359 -9.99573
-1.27518 -9.91836
-2.78816 -9.60344
-5.56778 -8.30661
-7.42544 -6.69797
-8.61008 -5.08592
-8.66511 -4.99159
-8.98197 -4.39593
-8.99859 -4.36181
-9.58776 -2.84163
-9.9935 0.360596
-9.99094 0.425476
-9.91421 1.30705
-9.8968 1.43298
-9.8434 1.76281
-6.9137 7.22501
-4.88159 8.72755
-1.82645 9.83179
-0.495759 9.9877
0.67379 9.97727
1.05631 9.94405
3.4881 9.37194
7.17473 6.96586

