Generation 1
Best distance: 255.357
Best path:
-7.54701 -6.60164
-8.32092 -6.81482
4.10058 -8.27986
-4.84213 -5.21464
-5.33686 -6.13414
-9.65397 1.66357
6.26571 -9.64115
3.03909 -5.72297
4.59299 -3.37669
-0.417242 -0.114806
-0.564068 1.69834
-8.94478 -0.92985
9.7095 -2.01956
8.63731 5.08103
8.37711 8.79751
3.12037 8.10967
1.54538 6.8001
-2.57007 6.73133
-0.135474 5.12095
-5.4778 9.89221
5.31528 9.40534
-6.63351 1.44877
-7.32392 -8.93041
3.5676 -8.03571
0.0371557 -9.51432
3.72012 -2.61299
5.52096 -9.57725
2.33619 1.60937
-0.457706 1.43669
-8.70714 5.09307
-7.5808 3.60274
4.26846 -7.76446
-4.41534 0.917158
-7.54701 -6.60164

Generation 50
Best distance: 177.709
Best path:
-7.54701 -6.60164
3.03909 -5.72297
9.7095 -2.01956
4.10058 -8.27986
4.26846 -7.76446
6.26571 -9.64115
5.52096 -9.57725
4.59299 -3.37669
3.72012 -2.61299
-8.70714 5.09307
-6.63351 1.44877
-4.41534 0.917158
-2.57007 6.73133
3.12037 8.10967
1.54538 6.8001
-0.135474 5.12095
5.31528 9.40534
8.37711 8.79751
8.63731 5.08103
2.33619 1.60937
-0.564068 1.69834
-5.4778 9.89221
-7.5808 3.60274
-0.417242 -0.114806
3.5676 -8.03571
0.0371557 -9.51432
-5.33686 -6.13414
-4.84213 -5.21464
-8.94478 -0.92985
-9.65397 1.66357
-0.457706 1.43669
-8.32092 -6.81482
-7.32392 -8.93041
-7.54701 -6.60164

Generation 100
Best distance: 168.215
Best path:
-7.54701 -6.60164
-8.94478 -0.92985
-4.84213 -5.21464
-0.564068 1.69834
2.33619 1.60937
1.54538 6.8001
-0.135474 5.12095
3.12037 8.10967
8.63731 5.08103
8.37711 8.79751
5.31528 9.40534
-2.57007 6.73133
-5.4778 9.89221
-6.63351 1.44877
4.59299 -3.37669
3.5676 -8.03571
5.52096 -9.57725
6.26571 -9.64115
4.26846 -7.76446
4.10058 -8.27986
3.03909 -5.72297
0.0371557 -9.51432
3.72012 -2.61299
9.7095 -2.01956
-0.417242 -0.114806
-9.65397 1.66357
-7.5808 3.60274
-8.70714 5.09307
-4.41534 0.917158
-0.457706 1.43669
-7.32392 -8.93041
-5.33686 -6.13414
-8.32092 -6.81482
-7.54701 -6.60164

Generation 150
Best distance: 143.906
Best path:
-7.54701 -6.60164
0.0371557 -9.51432
3.5676 -8.03571
4.26846 -7.76446
6.26571 -9.64115
5.52096 -9.57725
4.10058 -8.27986
9.7095 -2.01956
3.03909 -5.72297
4.59299 -3.37669
3.72012 -2.61299
-4.41534 0.917158
-8.70714 5.09307
-7.5808 3.60274
-0.457706 1.43669
-0.564068 1.69834
-0.417242 -0.114806
-5.4778 9.89221
-2.57007 6.73133
-0.135474 5.12095
3.12037 8.10967
5.31528 9.40534
8.37711 8.79751
8.63731 5.08103
1.54538 6.8001
2.33619 1.60937
-6.63351 1.44877
-9.65397 1.66357
-8.94478 -0.92985
-5.33686 -6.13414
-7.54701 -6.60164
-7.32392 -8.93041
-4.84213 -5.21464
-8.32092 -6.81482

Generation 200
Best distance: 107.835
Best path:
-7.54701 -6.60164
-7.54701 -6.60164
-8.32092 -6.81482
-7.32392 -8.93041
-5.33686 -6.13414
-8.94478 -0.92985
-9.65397 1.66357
-6.63351 1.44877
-7.5808 3.60274
-8.70714 5.09307
-5.4778 9.89221
-2.57007 6.73133
-0.135474 5.12095
-0.564068 1.69834
-4.41534 0.917158
-0.417242 -0.114806
-0.457706 1.43669
2.33619 1.60937
1.54538 6.8001
3.12037 8.10967
5.31528 9.40534
8.37711 8.79751
8.63731 5.08103
9.7095 -2.01956
4.59299 -3.37669
3.72012 -2.61299
3.03909 -5.72297
4.10058 -8.27986
3.5676 -8.03571
4.26846 -7.76446
6.26571 -9.64115
5.52096 -9.57725
0.0371557 -9.51432
-4.84213 -5.21464

Generation 250
Best distance: 104.959
Best path:
-7.54701 -6.60164
-7.32392 -8.93041
-8.32092 -6.81482
-8.94478 -0.92985
-9.65397 1.66357
-6.63351 1.44877
-7.5808 3.60274
-8.70714 5.09307
-5.4778 9.89221
-2.57007 6.73133
-0.135474 5.12095
-4.41534 0.917158
-0.417242 -0.114806
-0.564068 1.69834
-0.457706 1.43669
2.33619 1.60937
1.54538 6.8001
3.12037 8.10967
5.31528 9.40534
8.37711 8.79751
8.63731 5.08103
9.7095 -2.01956
4.59299 -3.37669
3.72012 -2.61299
3.03909 -5.72297
4.10058 -8.27986
3.5676 -8.03571
4.26846 -7.76446
6.26571 -9.64115
5.52096 -9.57725
0.0371557 -9.51432
-4.84213 -5.21464
-5.33686 -6.13414
-7.54701 -6.60164

Generation 300
Best distance: 103.53
Best path:
-7.54701 -6.60164
-5.33686 -6.13414
-4.84213 -5.21464
-8.94478 -0.92985
-9.65397 1.66357
-6.63351 1.44877
-7.5808 3.60274
-8.70714 5.09307
-5.4778 9.89221
-2.57007 6.73133
-0.135474 5.12095
-4.41534 0.917158
-0.417242 -0.114806
-0.457706 1.43669
-0.564068 1.69834
2.33619 1.60937
1.54538 6.8001
3.12037 8.10967
5.31528 9.40534
8.37711 8.79751
8.63731 5.08103
9.7095 -2.01956
4.59299 -3.37669
3.72012 -2.61299
3.03909 -5.72297
3.5676 -8.03571
4.26846 -7.76446
4.10058 -8.27986
6.26571 -9.64115
5.52096 -9.57725
0.0371557 -9.51432
-7.32392 -8.93041
-8.32092 -6.81482
-7.54701 -6.60164

Generation 350
Best distance: 103.53
Best path:
-7.54701 -6.60164
-5.33686 -6.13414
-4.84213 -5.21464
-8.94478 -0.92985
-9.65397 1.66357
-6.63351 1.44877
-7.5808 3.60274
-8.70714 5.09307
-5.4778 9.89221
-2.57007 6.73133
-0.135474 5.12095
-4.41534 0.917158
-0.417242 -0.114806
-0.457706 1.43669
-0.564068 1.69834
2.33619 1.60937
1.54538 6.8001
3.12037 8.10967
5.31528 9.40534
8.37711 8.79751
8.63731 5.08103
9.7095 -2.01956
4.59299 -3.37669
3.72012 -2.61299
3.03909 -5.72297
3.5676 -8.03571
4.26846 -7.76446
4.10058 -8.27986
6.26571 -9.64115
5.52096 -9.57725
0.0371557 -9.51432
-7.32392 -8.93041
-8.32092 -6.81482
-7.54701 -6.60164

Generation 400
Best distance: 103.53
Best path:
-7.54701 -6.60164
-5.33686 -6.13414
-4.84213 -5.21464
-8.94478 -0.92985
-9.65397 1.66357
-6.63351 1.44877
-7.5808 3.60274
-8.70714 5.09307
-5.4778 9.89221
-2.57007 6.73133
-0.135474 5.12095
-4.41534 0.917158
-0.417242 -0.114806
-0.457706 1.43669
-0.564068 1.69834
2.33619 1.60937
1.54538 6.8001
3.12037 8.10967
5.31528 9.40534
8.37711 8.79751
8.63731 5.08103
9.7095 -2.01956
4.59299 -3.37669
3.72012 -2.61299
3.03909 -5.72297
3.5676 -8.03571
4.26846 -7.76446
4.10058 -8.27986
6.26571 -9.64115
5.52096 -9.57725
0.0371557 -9.51432
-7.32392 -8.93041
-8.32092 -6.81482
-7.54701 -6.60164

Generation 450
Best distance: 102.576
Best path:
-7.54701 -6.60164
-5.33686 -6.13414
-4.84213 -5.21464
-8.94478 -0.92985
-9.65397 1.66357
-6.63351 1.44877
-4.41534 0.917158
-7.5808 3.60274
-8.70714 5.09307
-5.4778 9.89221
-2.57007 6.73133
2.33619 1.60937
-0.417242 -0.114806
-0.457706 1.43669
-0.564068 1.69834
-0.135474 5.12095
1.54538 6.8001
3.12037 8.10967
5.31528 9.40534
8.37711 8.79751
8.63731 5.08103
9.7095 -2.01956
4.59299 -3.37669
3.72012 -2.61299
3.03909 -5.72297
3.5676 -8.03571
4.26846 -7.76446
4.10058 -8.27986
6.26571 -9.64115
5.52096 -9.57725
0.0371557 -9.51432
-7.32392 -8.93041
-8.32092 -6.81482
-7.54701 -6.60164

Generation 500
Best distance: 102.364
Best path:
-7.54701 -6.60164
-5.33686 -6.13414
-4.84213 -5.21464
-8.94478 -0.92985
-9.65397 1.66357
-6.63351 1.44877
-4.41534 0.917158
-7.5808 3.60274
-8.70714 5.09307
-5.4778 9.89221
-2.57007 6.73133
-0.135474 5.12095
-0.564068 1.69834
-0.417242 -0.114806
-0.457706 1.43669
2.33619 1.60937
1.54538 6.8001
3.12037 8.10967
5.31528 9.40534
8.37711 8.79751
8.63731 5.08103
9.7095 -2.01956
4.59299 -3.37669
3.72012 -2.61299
3.03909 -5.72297
3.5676 -8.03571
4.26846 -7.76446
4.10058 -8.27986
6.26571 -9.64115
5.52096 -9.57725
0.0371557 -9.51432
-7.32392 -8.93041
-8.32092 -6.81482
-7.54701 -6.60164

Generation 550
Best distance: 102.364
Best path:
-7.54701 -6.60164
-5.33686 -6.13414
-4.84213 -5.21464
-8.94478 -0.92985
-9.65397 1.66357
-6.63351 1.44877
-4.41534 0.917158
-7.5808 3.60274
-8.70714 5.09307
-5.4778 9.89221
-2.57007 6.73133
-0.135474 5.12095
-0.564068 1.69834
-0.417242 -0.114806
-0.457706 1.43669
2.33619 1.60937
1.54538 6.8001
3.12037 8.10967
5.31528 9.40534
8.37711 8.79751
8.63731 5.08103
9.7095 -2.01956
4.59299 -3.37669
3.72012 -2.61299
3.03909 -5.72297
3.5676 -8.03571
4.26846 -7.76446
4.10058 -8.27986
6.26571 -9.64115
5.52096 -9.57725
0.0371557 -9.51432
-7.32392 -8.93041
-8.32092 -6.81482
-7.54701 -6.60164

Generation 600
Best distance: 101.277
Best path:
-7.54701 -6.60164
-5.33686 -6.13414
-4.84213 -5.21464
-8.94478 -0.92985
-9.65397 1.66357
-6.63351 1.44877
-4.41534 0.917158
-7.5808 3.60274
-8.70714 5.09307
-5.4778 9.89221
-2.57007 6.73133
-0.135474 5.12095
-0.564068 1.69834
-0.457706 1.43669
-0.417242 -0.114806
2.33619 1.60937
1.54538 6.8001
3.12037 8.10967
5.31528 9.40534
8.37711 8.79751
8.63731 5.08103
9.7095 -2.01956
4.59299 -3.37669
3.72012 -2.61299
3.03909 -5.72297
3.5676 -8.03571
4.26846 -7.76446
4.10058 -8.27986
6.26571 -9.64115
5.52096 -9.57725
0.0371557 -9.51432
-7.32392 -8.93041
-8.32092 -6.81482
-7.54701 -6.60164

Generation 650
Best distance: 101.277
Best path:
-7.54701 -6.60164
-5.33686 -6.13414
-4.84213 -5.21464
-8.94478 -0.92985
-9.65397 1.66357
-6.63351 1.44877
-4.41534 0.917158
-7.5808 3.60274
-8.70714 5.09307
-5.4778 9.89221
-2.57007 6.73133
-0.135474 5.12095
-0.564068 1.69834
-0.457706 1.43669
-0.417242 -0.114806
2.33619 1.60937
1.54538 6.8001
3.12037 8.10967
5.31528 9.40534
8.37711 8.79751
8.63731 5.08103
9.7095 -2.01956
4.59299 -3.37669
3.72012 -2.61299
3.03909 -5.72297
3.5676 -8.03571
4.26846 -7.76446
4.10058 -8.27986
6.26571 -9.64115
5.52096 -9.57725
0.0371557 -9.51432
-7.32392 -8.93041
-8.32092 -6.81482
-7.54701 -6.60164

Generation 700
Best distance: 101.277
Best path:
-7.54701 -6.60164
-5.33686 -6.13414
-4.84213 -5.21464
-8.94478 -0.92985
-9.65397 1.66357
-6.63351 1.44877
-4.41534 0.917158
-7.5808 3.60274
-8.70714 5.09307
-5.4778 9.89221
-2.57007 6.73133
-0.135474 5.12095
-0.564068 1.69834
-0.457706 1.43669
-0.417242 -0.114806
2.33619 1.60937
1.54538 6.8001
3.12037 8.10967
5.31528 9.40534
8.37711 8.79751
8.63731 5.08103
9.7095 -2.01956
4.59299 -3.37669
3.72012 -2.61299
3.03909 -5.72297
3.5676 -8.03571
4.26846 -7.76446
4.10058 -8.27986
6.26571 -9.64115
5.52096 -9.57725
0.0371557 -9.51432
-7.32392 -8.93041
-8.32092 -6.81482
-7.54701 -6.60164

Generation 750
Best distance: 101.277
Best path:
-7.54701 -6.60164
-8.32092 -6.81482
-7.32392 -8.93041
0.0371557 -9.51432
5.52096 -9.57725
6.26571 -9.64115
4.10058 -8.27986
4.26846 -7.76446
3.5676 -8.03571
3.03909 -5.72297
3.72012 -2.61299
4.59299 -3.37669
9.7095 -2.01956
8.63731 5.08103
8.37711 8.79751
5.31528 9.40534
3.12037 8.10967
1.54538 6.8001
2.33619 1.60937
-0.417242 -0.114806
-0.457706 1.43669
-0.564068 1.69834
-0.135474 5.12095
-2.57007 6.73133
-5.4778 9.89221
-8.70714 5.09307
-7.5808 3.60274
-4.41534 0.917158
-6.63351 1.44877
-9.65397 1.66357
-8.94478 -0.92985
-4.84213 -5.21464
-5.33686 -6.13414
-7.54701 -6.60164

Generation 800
Best distance: 101.277
Best path:
-7.54701 -6.60164
-5.33686 -6.13414
-4.84213 -5.21464
-8.94478 -0.92985
-9.65397 1.66357
-6.63351 1.44877
-4.41534 0.917158
-7.5808 3.60274
-8.70714 5.09307
-5.4778 9.89221
-2.57007 6.73133
-0.135474 5.12095
-0.564068 1.69834
-0.457706 1.43669
-0.417242 -0.114806
2.33619 1.60937
1.54538 6.8001
3.12037 8.10967
5.31528 9.40534
8.37711 8.79751
8.63731 5.08103
9.7095 -2.01956
4.59299 -3.37669
3.72012 -2.61299
3.03909 -5.72297
3.5676 -8.03571
4.26846 -7.76446
4.10058 -8.27986
6.26571 -9.64115
5.52096 -9.57725
0.0371557 -9.51432
-7.32392 -8.93041
-8.32092 -6.81482
-7.54701 -6.60164

Generation 850
Best distance: 101.277
Best path:
-7.54701 -6.60164
-5.33686 -6.13414
-4.84213 -5.21464
-8.94478 -0.92985
-9.65397 1.66357
-6.63351 1.44877
-4.41534 0.917158
-7.5808 3.60274
-8.70714 5.09307
-5.4778 9.89221
-2.57007 6.73133
-0.135474 5.12095
-0.564068 1.69834
-0.457706 1.43669
-0.417242 -0.114806
2.33619 1.60937
1.54538 6.8001
3.12037 8.10967
5.31528 9.40534
8.37711 8.79751
8.63731 5.08103
9.7095 -2.01956
4.59299 -3.37669
3.72012 -2.61299
3.03909 -5.72297
3.5676 -8.03571
4.26846 -7.76446
4.10058 -8.27986
6.26571 -9.64115
5.52096 -9.57725
0.0371557 -9.51432
-7.32392 -8.93041
-8.32092 -6.81482
-7.54701 -6.60164

Generation 900
Best distance: 101.277
Best path:
-7.54701 -6.60164
-5.33686 -6.13414
-4.84213 -5.21464
-8.94478 -0.92985
-9.65397 1.66357
-6.63351 1.44877
-4.41534 0.917158
-7.5808 3.60274
-8.70714 5.09307
-5.4778 9.89221
-2.57007 6.73133
-0.135474 5.12095
-0.564068 1.69834
-0.457706 1.43669
-0.417242 -0.114806
2.33619 1.60937
1.54538 6.8001
3.12037 8.10967
5.31528 9.40534
8.37711 8.79751
8.63731 5.08103
9.7095 -2.01956
4.59299 -3.37669
3.72012 -2.61299
3.03909 -5.72297
3.5676 -8.03571
4.26846 -7.76446
4.10058 -8.27986
6.26571 -9.64115
5.52096 -9.57725
0.0371557 -9.51432
-7.32392 -8.93041
-8.32092 -6.81482
-7.54701 -6.60164

Generation 950
Best distance: 101.277
Best path:
-7.54701 -6.60164
-5.33686 -6.13414
-4.84213 -5.21464
-8.94478 -0.92985
-9.65397 1.66357
-6.63351 1.44877
-4.41534 0.917158
-7.5808 3.60274
-8.70714 5.09307
-5.4778 9.89221
-2.57007 6.73133
-0.135474 5.12095
-0.564068 1.69834
-0.457706 1.43669
-0.417242 -0.114806
2.33619 1.60937
1.54538 6.8001
3.12037 8.10967
5.31528 9.40534
8.37711 8.79751
8.63731 5.08103
9.7095 -2.01956
4.59299 -3.37669
3.72012 -2.61299
3.03909 -5.72297
3.5676 -8.03571
4.26846 -7.76446
4.10058 -8.27986
6.26571 -9.64115
5.52096 -9.57725
0.0371557 -9.51432
-7.32392 -8.93041
-8.32092 -6.81482
-7.54701 -6.60164

Generation 1000
Best distance: 101.277
Best path:
-7.54701 -6.60164
-5.33686 -6.13414
-4.84213 -5.21464
-8.94478 -0.92985
-9.65397 1.66357
-6.63351 1.44877
-4.41534 0.917158
-7.5808 3.60274
-8.70714 5.09307
-5.4778 9.89221
-2.57007 6.73133
-0.135474 5.12095
-0.564068 1.69834
-0.457706 1.43669
-0.417242 -0.114806
2.33619 1.60937
1.54538 6.8001
3.12037 8.10967
5.31528 9.40534
8.37711 8.79751
8.63731 5.08103
9.7095 -2.01956
4.59299 -3.37669
3.72012 -2.61299
3.03909 -5.72297
3.5676 -8.03571
4.26846 -7.76446
4.10058 -8.27986
6.26571 -9.64115
5.52096 -9.57725
0.0371557 -9.51432
-7.32392 -8.93041
-8.32092 -6.81482
-7.54701 -6.60164

