-0.0885675   0.295747   0.474769
0.175107   -0.236131   -0.125652
-0.291869   0.412397   0.217979
0.411614   -0.254337   -0.353422
-0.257214   0.151747   -0.298102
0.480884   -0.196958   -0.211361
0.347942   -0.234588   -0.243003
0.162676   -0.36145   0.0983826
0.134352   -0.357875   0.401925
0.266779   0.420962   -0.355195
0.148119   -0.325368   -0.282768
-0.280694   0.20445   0.323814
0.0952714   -0.42232   0.366092
0.0980248   0.410411   0.0603131
0.0534255   -0.230341   -0.0901639
-0.381311   -0.178834   0.434041
-0.0750585   -0.237855   0.337915
-0.409648   -0.172035   -0.187659
-0.394319   0.0921882   -0.137799
-0.168496   0.2969   -0.368112
-0.230917   0.485801   -0.456384
-0.487448   -0.151201   0.00123467
0.375002   0.444079   -0.481781
-0.288654   0.183746   0.19959
0.125266   -0.300069   0.494237
-0.140639   -0.00852487   0.0970599
0.430353   0.203926   0.203505
-0.00747946   0.467446   0.44012
0.435778   0.464236   0.445765
0.298819   -0.25749   -0.317433
-0.0560537   0.17757   -0.475237
0.290505   -0.442135   0.0344183
-0.36504   0.374848   0.305561
-0.201622   0.437922   0.433531
-0.0949701   -0.105298   -0.342388
-0.224464   0.117905   -0.189724
0.376636   0.0667791   -0.336599
-0.49526   -0.268136   -0.361504
0.120327   -0.430713   0.488407
-0.142989   0.429453   -0.0678907
0.312326   -0.482841   0.380426
0.303581   0.153845   0.277296
-0.0904549   0.376501   0.243745
0.478112   -0.412707   -0.0906122
0.0542578   -0.479011   0.229965
-0.090986   -0.185302   -0.396568
-0.230968   0.302887   6.15159e-06
-0.124723   0.314387   -0.435121
0.307863   -0.350812   0.383487
-0.364348   -0.0499579   -0.42544
-0.468025   -0.10529   -0.187112
0.249892   -0.481644   -0.330138
0.144399   0.205196   -0.402924
-0.448198   -0.241677   0.476203
0.179657   -0.488683   0.377635
-0.106169   -0.346814   -0.472645
0.431456   0.178249   -0.278099
0.397745   0.380751   0.47138
-0.153392   0.1697   -0.227641
-0.309646   -0.254398   -0.267668
-0.488116   -0.147584   -0.104158
-0.0285933   0.471583   0.283884
0.400024   0.0160287   0.200824
0.473081   0.243757   -0.232064
-0.362704   -0.096058   0.343708
0.0301958   -0.223709   0.042114
-0.408023   -0.0544313   -0.0733012
-0.0851226   0.0118074   0.0249205
0.241557   0.208971   0.280574
0.185849   0.479587   0.00172399
-0.130888   0.478339   0.208696
0.449078   0.0531585   -0.039219
-0.330249   -0.386762   -0.127111
0.366344   0.313626   0.439649
0.259909   -0.238315   -0.194975
0.0630702   -0.133243   0.102755
-0.294367   -0.361328   -0.25576
-0.297268   0.301592   -0.353862
0.354637   0.453289   -0.155764
0.343098   -0.309108   -0.350407
-0.187657   -0.203864   -0.460785
0.0271873   -0.301003   -0.397589
0.0891327   -0.326816   0.0685104
0.339385   -0.215432   0.139166
0.0641049   0.250877   -0.433525
0.428098   -0.445159   -0.18035
0.198576   0.37512   -0.161658
-0.039286   0.398601   -0.49079
-0.119311   -0.278814   -0.0271103
-0.39684   -0.162994   -0.30202
-0.191018   0.373191   -0.326804
-0.0346267   -0.225199   -0.448122
0.413148   0.430873   0.104879
0.488284   -0.132947   0.223944
0.251829   0.442974   0.0504798
0.343163   -0.29447   -0.485253
0.32152   0.275472   0.299073
-0.0102125   0.228701   0.46712
-0.177669   0.424806   0.273252
-0.252888   0.441278   -0.308642
-0.327533   -0.148948   -0.101671
-0.104245   0.119974   -0.423147
0.311818   0.0217178   -0.0227916
0.489683   -0.401814   0.489541
-0.271699   -0.495301   -0.0616581
0.312066   -0.46484   -0.144264
0.227742   -0.419777   -0.437606
-0.150819   0.483373   -0.447061
