0
0
0
0
0
0
0
0
0
0
0
0
0
0
0
0
0
0
0
0
0
0
0
0
0
0
0
0
0
0
0
0
0
0
0
0.00507918
0.0679522
0.322533
0.872646
1.54325
2.16758
2.54026
2.61945
2.55338
2.35945
2.17163
1.93682
1.73008
1.51835
1.38327
1.22275
1.11837
1.00239
0.915506
0.866825
0.808261
0.767192
0.737662
0.705044
0.690424
0.663792
0.678134
0.670508
0.683008
0.703291
0.722134
0.758661
0.783767
0.817082
0.87465
0.899369
0.946276
0.995076
1.04446
1.07859
1.13768
1.16897
1.20373
1.21329
1.23732
1.25865
1.27322
1.25215
1.25017
1.23528
1.20635
1.1834
1.16216
1.11836
1.08998
1.05498
1.03516
0.999548
0.972189
0.950891
0.947049
0.93916
0.923529
0.909833
0.91802

