0
0
0
0
0
0
0
0
0
0
0
0
0
0
0
0
0
0
0
0
0
0
0
0
0
0
0
0
0
0
0
0
0
0
0
0
0
0
0
0.000805873
0.0167252
0.144488
0.61436
1.66949
3.06246
4.30284
4.93231
4.82359
4.13141
3.21956
2.26962
1.49
0.909407
0.523728
0.28213
0.143654
0.0779545
0.0542114
0.0584196
0.0919898
0.162302
0.259128
0.396663
0.561902
0.732252
0.881278
0.963771
0.961343
0.885562
0.73642
0.559378
0.405074
0.285022
0.225266
0.243871
0.376084
0.623933
1.03044
1.52276
2.05902
2.49845
2.72127
2.68484
2.40429
1.98042
1.48528
1.03429
0.713851
0.521737
0.474838
0.560482
0.713533
0.886296
0.998798
1.05527
0.997134
0.87345
0.742279
0.633418
0.605197

